495.783752 483.385010 
491.332879 472.422591 
486.596586 461.581903 
480.962191 451.182869 
474.524347 441.258514 
467.710788 431.585865 
460.393733 422.295351 
451.939100 414.025754 
442.673949 406.690176 
432.069397 401.497677 
420.814483 397.858548 
409.294350 395.180447 
397.551680 393.804648 
385.751993 394.384150 
374.180113 396.817532 
362.875471 400.300809 
351.797856 404.453490 
340.962334 409.198365 
330.728659 415.115733 
321.897119 422.934559 
317.212381 433.655841 
316.301166 445.441911 
319.190211 456.645043 
329.225998 462.524826 
340.976829 462.504842 
352.496545 459.820271 
363.970922 456.935884 
375.319901 453.596997 
386.698603 450.363874 
398.393437 448.717119 
410.184627 449.520022 
421.770953 451.886394 
433.025843 455.514201 
443.466677 461.022183 
452.494331 468.649149 
460.599127 477.260521 
467.667157 486.743323 
473.934407 496.774912 
478.989291 507.464348 
483.393440 518.445639 
487.583777 529.509458 
491.360245 540.721639 
494.723233 552.064299 
497.682089 563.519690 
500.263067 575.065128 
502.137174 586.745098 
503.452633 598.503042 
504.734686 610.264841 
506.280069 621.994937 
507.697266 633.740901 
508.749886 645.525170 
509.562348 657.328754 
510.279804 669.138550 
510.940735 680.951652 
511.556598 692.767192 
512.128631 704.584933 
512.649756 716.405024 
513.106947 728.227761 
513.524203 740.051977 
513.857437 751.878817 
514.023465 763.709079 
513.927184 775.539939 
513.475532 787.362347 
512.609049 799.161580 
511.392609 810.930201 
510.002527 822.679822 
508.525106 834.418677 
506.883905 846.135831 
505.156649 857.840645 
503.387109 869.539152 
501.893585 879.484863 
