512.083984 511.885193 
511.737954 500.069122 
506.733844 489.551561 
498.887692 480.698996 
491.707395 471.295831 
484.632319 461.812718 
477.595841 452.300938 
470.912395 442.539462 
464.125009 432.852293 
456.130271 424.143966 
447.270038 416.312285 
437.314193 409.952432 
426.388163 405.434275 
415.012309 402.206135 
403.317471 400.480391 
391.503260 400.676583 
379.839602 402.629419 
368.371329 405.531250 
357.067749 409.023251 
345.964805 413.102261 
335.433068 418.469159 
326.137055 425.740918 
319.706707 435.597900 
316.459867 446.932169 
317.914107 458.580334 
324.064100 468.527250 
335.178647 471.793285 
346.860321 470.072620 
357.932409 465.930822 
368.911382 461.527361 
380.369383 458.654817 
392.152868 457.640442 
403.981917 457.523536 
415.793651 458.168466 
427.498542 459.851187 
438.841003 463.165150 
449.246877 468.742310 
457.908624 476.740266 
464.676886 486.435174 
470.906069 496.493904 
476.800765 506.746485 
482.006424 517.371004 
486.763493 528.203063 
491.307739 539.127079 
495.161564 550.307219 
497.913236 561.811853 
500.046119 573.448884 
501.766453 585.154051 
503.183309 596.900394 
504.542345 608.653656 
506.074765 620.385412 
507.533999 632.126276 
508.625093 643.907016 
509.458161 655.709141 
510.185177 667.518351 
510.852905 679.331070 
511.474640 691.146301 
512.052815 702.963744 
512.581903 714.783482 
513.046853 726.605913 
513.470334 738.429911 
513.819400 750.256303 
514.014210 762.086145 
513.959297 773.917297 
513.561700 785.741673 
512.751528 797.544887 
511.574420 809.317454 
510.196343 821.068474 
508.739535 832.809940 
507.115462 844.529470 
505.396912 856.235564 
503.630920 867.934606 
501.893585 879.484863 
