520.660278 534.562927 
519.918846 522.795739 
514.949088 512.106350 
508.495464 502.191201 
501.856439 492.397889 
495.413478 482.474665 
489.012532 472.524083 
482.517845 462.634551 
476.027791 452.742437 
469.562139 442.834973 
462.098646 433.672381 
453.146097 425.954647 
443.176489 419.598541 
432.596594 414.306731 
421.727355 409.642779 
410.321067 406.565945 
398.526804 406.108698 
386.819211 407.772259 
375.280056 410.380121 
363.840705 413.400705 
352.537594 416.884765 
341.726673 421.669064 
331.606757 427.785975 
323.081297 435.909069 
317.974337 446.533063 
315.952379 458.138715 
320.411457 468.844960 
330.079944 475.387045 
341.819578 475.216429 
353.338816 472.561472 
364.661859 469.130229 
376.120230 466.196201 
387.803580 464.343262 
399.562461 463.041593 
411.371654 462.346387 
423.186631 462.769554 
434.758011 465.139396 
445.467723 470.099742 
454.310158 477.883794 
461.497568 487.279356 
468.679506 496.681588 
475.556505 506.308239 
481.755761 516.378416 
486.424082 527.241858 
490.926203 538.183057 
494.879711 549.328800 
497.706085 560.814950 
499.878755 572.444535 
501.670295 584.139254 
503.157710 595.876753 
504.439327 607.638620 
505.551360 619.417699 
506.489821 631.211948 
507.356206 643.011767 
508.230899 654.810966 
509.148821 666.606888 
510.064886 678.402955 
510.947295 690.201581 
511.766150 702.004773 
512.478711 713.814816 
513.003787 725.634539 
513.297400 737.462312 
513.370996 749.293506 
513.238071 761.124215 
512.936249 772.951880 
512.502841 784.775419 
511.812820 796.586577 
510.872836 808.380628 
509.813699 820.164705 
508.737962 831.947269 
507.577532 843.721792 
506.366270 855.491207 
505.129928 867.258019 
503.984802 878.191345 
