527.292908 544.891846 
524.911706 533.303379 
521.227009 522.078030 
515.601289 511.678232 
509.258164 501.691299 
502.809038 491.771948 
496.581713 481.711996 
490.360197 471.648426 
483.807051 461.798604 
477.027863 452.101772 
469.988109 442.593993 
462.171045 433.722548 
453.228985 425.987424 
443.297651 419.575060 
432.622717 414.484415 
421.531738 410.378220 
410.005391 407.767836 
398.205494 407.644422 
386.598774 409.893334 
375.228558 413.161390 
363.925337 416.656028 
352.901651 420.941473 
342.254408 426.098184 
331.990712 431.959472 
324.073452 440.632623 
319.482128 451.496309 
319.452948 463.178970 
325.619575 473.082167 
336.550215 477.134980 
348.337269 476.615135 
359.531379 472.883621 
370.401930 468.217041 
381.810614 465.163288 
393.544703 463.668196 
405.356810 463.042365 
417.172718 463.516165 
428.836275 465.461740 
440.161897 468.852480 
450.770423 474.048701 
459.623951 481.827103 
466.577150 491.390222 
473.147081 501.229140 
479.552600 511.174297 
485.413338 521.451504 
490.773155 531.994526 
495.002336 543.042084 
498.724800 554.271343 
501.630718 565.736728 
503.550560 577.409022 
504.899897 589.162980 
506.056174 600.937917 
507.250411 612.709053 
508.418931 624.482721 
509.370796 636.275710 
510.062167 648.086874 
510.580654 659.907058 
511.019261 671.730494 
511.388682 683.556293 
511.684161 695.384165 
511.888988 707.213940 
511.966236 719.045187 
511.848443 730.876021 
511.513282 742.702695 
510.968272 754.521580 
510.237663 766.330488 
509.366334 778.129900 
508.301258 789.913128 
506.940944 801.666013 
505.402042 813.397062 
503.863827 825.128213 
502.320629 836.858713 
500.732347 848.583204 
499.121625 860.304635 
497.502807 872.024952 
496.826508 876.953918 
