529.021606 547.925781 
527.497906 536.210060 
523.005711 525.293901 
517.136622 515.021979 
510.963707 504.928493 
504.703175 494.888967 
498.511284 484.807044 
492.333542 474.716442 
485.881454 464.799933 
479.125608 455.086848 
472.214248 445.484532 
464.703783 436.348248 
456.123391 428.212921 
446.549076 421.280452 
435.974187 416.004970 
424.686392 412.490761 
413.057246 410.341109 
401.260690 409.576135 
389.525152 410.945286 
378.044370 413.796568 
366.724622 417.231223 
355.652790 421.397387 
344.871690 426.267140 
334.571938 432.056372 
326.667653 440.754021 
321.912726 451.548951 
321.180696 463.262889 
325.817220 473.972157 
336.400260 478.719371 
348.203430 478.790819 
359.664221 476.011027 
370.584809 471.460340 
381.761519 467.618430 
393.442741 465.786164 
405.257568 465.288080 
417.048638 466.179526 
428.683767 468.304708 
440.064010 471.521713 
450.854370 476.327060 
459.969711 483.806617 
467.423777 492.988201 
474.292962 502.615685 
480.256197 512.832535 
486.005358 523.173358 
491.369804 533.714058 
495.637911 544.745626 
499.176979 556.033529 
502.015776 567.517828 
504.311991 579.123838 
506.234157 590.797796 
507.794717 602.525499 
508.986696 614.296505 
509.777181 626.100931 
510.189338 637.925072 
510.414918 649.754456 
510.526957 661.585481 
510.566002 673.416990 
510.553228 685.248560 
510.494525 697.079992 
510.387249 708.911081 
510.218073 720.741438 
509.953140 732.570011 
509.563091 744.395102 
509.033091 756.214739 
508.364139 768.027340 
507.583907 779.833142 
506.706863 791.632121 
505.655114 803.416696 
504.360490 815.177014 
502.821279 826.907824 
501.024661 838.602064 
499.088650 850.274147 
497.083594 861.934592 
495.065101 873.592722 
494.679932 875.877869 
