529.607666 553.965149 
528.998455 542.156203 
525.719801 530.828359 
520.250998 520.341376 
514.219087 510.163344 
507.987175 500.106097 
501.721577 490.069752 
495.446650 480.039401 
488.887774 470.192873 
482.138635 460.475150 
475.480742 450.694658 
468.529545 441.122234 
460.697171 432.267523 
451.694410 424.605669 
441.579901 418.494443 
430.601212 414.116332 
419.115891 411.301847 
407.390962 409.761392 
395.579256 409.962594 
383.975040 412.226676 
372.564533 415.352373 
361.361724 419.151649 
350.425482 423.660876 
339.782795 428.826197 
330.319357 435.834031 
324.013302 445.789954 
320.899780 457.145510 
322.647600 468.756151 
330.479066 477.177755 
342.080763 479.108965 
353.822187 477.866874 
364.933829 473.841010 
375.878598 469.352144 
387.369345 466.644843 
399.171968 465.942459 
410.982008 466.577673 
422.707453 468.143794 
434.279904 470.586501 
445.436835 474.480704 
455.316000 480.924532 
463.683648 489.276626 
471.239060 498.373803 
477.153644 508.611506 
482.870718 518.970038 
488.292893 529.484432 
493.020496 540.328473 
497.245930 551.378584 
500.788916 562.664632 
503.487397 574.181971 
505.542035 585.832855 
507.180850 597.549999 
508.552869 609.301624 
509.701982 621.076945 
510.488354 632.881883 
510.965951 644.703628 
511.245338 656.531798 
511.383905 668.362538 
511.447582 680.193941 
511.465512 692.025508 
511.453474 703.857085 
511.421699 715.688626 
511.382448 727.520146 
511.375162 739.351720 
511.376307 751.183297 
511.254527 763.014103 
510.842805 774.838082 
510.055727 786.642981 
508.922340 798.419811 
507.520056 810.167835 
505.955854 821.895527 
504.271915 833.606516 
502.403542 845.289583 
500.435364 856.956299 
498.421519 868.615235 
497.190552 875.822693 
