524.392090 548.094788 
526.889623 536.541141 
525.218069 524.949529 
519.504534 514.604295 
512.869149 504.809575 
506.037956 495.149305 
499.487260 485.298261 
493.218358 475.263993 
486.742904 465.362803 
480.041863 455.611808 
473.247642 445.925996 
465.939959 436.625353 
457.499781 428.351847 
447.887162 421.469982 
437.609548 415.612038 
427.088969 410.203740 
415.936009 406.319203 
404.179031 405.321373 
392.412603 406.497769 
380.763301 408.561928 
369.200827 411.062963 
357.873974 414.466590 
347.033520 419.182948 
337.093347 425.569250 
328.611640 433.793710 
321.913041 443.504762 
319.796257 455.009639 
322.408724 466.484100 
331.019251 473.949874 
342.779682 474.703657 
354.496119 473.174729 
365.758493 469.563897 
377.087666 466.177606 
388.787199 464.453188 
400.583107 463.559610 
412.410871 463.535500 
424.163072 464.834463 
435.669659 467.554435 
446.626451 471.976807 
456.110436 478.966893 
463.601084 488.110215 
470.481258 497.735209 
476.473860 507.930658 
482.077904 518.350763 
487.676963 528.773341 
492.752752 539.457433 
496.485545 550.672675 
498.824684 562.268017 
501.019778 573.893624 
503.406632 585.481917 
505.510941 597.124070 
507.030853 608.856206 
508.017727 620.645746 
508.627724 632.461388 
509.105055 644.283332 
509.545171 656.106720 
509.942324 667.931632 
510.306873 679.757597 
510.640931 691.584461 
510.940784 703.412241 
511.196117 715.241060 
511.380732 727.071174 
511.451195 738.902492 
511.373289 750.733728 
511.132031 762.562774 
510.778897 774.389073 
510.414287 786.215034 
510.049467 798.040981 
509.566462 809.862588 
508.833927 821.671120 
507.695091 833.446848 
506.048272 845.162661 
504.099774 856.832532 
501.997132 868.475751 
500.206085 878.453979 
