522.114990 535.003662 
523.405580 523.259472 
520.022871 512.060199 
513.270970 502.352883 
505.981883 493.033337 
499.049720 483.449130 
492.660416 473.491500 
486.212486 463.571886 
479.682523 453.705579 
473.099902 443.874535 
466.088631 434.347180 
458.144474 425.587543 
449.151169 417.916058 
439.106215 411.682848 
428.291939 406.904229 
416.955954 403.541650 
405.280537 401.681310 
393.464284 401.172555 
381.646888 401.684278 
369.924333 403.244175 
358.542917 406.426045 
347.814802 411.393281 
337.972175 417.931728 
329.710996 426.368472 
323.210428 436.233587 
319.692835 447.441220 
321.425788 459.055107 
328.925795 467.823739 
340.547697 469.539527 
352.337256 468.615324 
363.886997 466.170387 
374.911121 461.877443 
386.355715 459.002921 
398.171316 458.542818 
409.979166 459.233774 
421.670916 461.011539 
433.035505 464.266942 
443.757169 469.238386 
453.355748 476.113047 
461.214986 484.938538 
468.197243 494.489630 
474.593591 504.435778 
480.158615 514.876194 
485.570318 525.397396 
490.556306 536.124958 
494.479739 547.278423 
497.073886 558.818058 
499.130928 570.469412 
501.061310 582.142133 
502.720347 593.856649 
504.227250 605.591863 
505.756141 617.324230 
507.071245 629.082137 
508.076371 640.870677 
508.861974 652.676065 
509.540263 664.488173 
510.160285 676.303493 
510.737697 688.120975 
511.277667 699.940227 
511.778775 711.761190 
512.231104 723.584113 
512.615441 735.409438 
512.912322 747.237250 
513.054765 759.067848 
512.983698 770.899049 
512.712488 782.727424 
512.275279 794.550819 
511.639342 806.365133 
510.763556 818.164026 
509.605126 829.938406 
508.059441 841.668103 
506.247524 853.360001 
504.299702 865.030121 
502.330008 876.696571 
502.163300 877.743713 
