514.948669 518.184875 
516.075484 506.420531 
512.269064 495.396716 
505.072548 486.011736 
497.798385 476.681274 
490.543262 467.335983 
483.805724 457.612322 
477.364499 447.687772 
470.759371 437.872298 
463.499938 428.535678 
455.365350 419.952923 
446.104082 412.608104 
435.898948 406.637313 
425.045052 401.944700 
413.678772 398.695035 
401.957429 397.163174 
390.132337 397.199998 
378.381630 398.542517 
366.774154 400.821772 
355.369944 403.962913 
344.429709 408.416142 
334.951253 415.451601 
326.829228 424.035332 
321.502345 434.488169 
321.729860 446.248034 
326.132479 457.129169 
336.442302 462.013715 
348.228718 461.201572 
359.947144 459.570831 
371.537029 457.228341 
383.053049 454.522943 
394.817625 453.441574 
406.635423 453.922374 
418.365801 455.436598 
429.869147 458.173855 
440.852830 462.529390 
450.644195 469.121627 
458.555310 477.891975 
465.274451 487.627877 
471.553510 497.653436 
476.983978 508.161795 
481.839981 518.950170 
486.282117 529.915530 
490.304984 541.041277 
493.746670 552.359445 
496.488869 563.867317 
498.761390 575.478145 
500.663525 587.155357 
502.262806 598.878151 
503.697936 610.622342 
505.030563 622.378589 
506.233709 634.148775 
507.297748 645.932350 
508.229512 657.727143 
509.074955 669.528468 
509.862668 681.333793 
510.598807 693.142446 
511.280200 704.954381 
511.894406 716.769992 
512.410765 728.590255 
512.826277 740.414509 
513.102809 752.242744 
513.151139 764.073980 
512.917933 775.902990 
512.393006 787.722580 
511.576508 799.525728 
510.536305 811.311369 
509.333016 823.081544 
507.991630 834.836698 
506.402325 846.560882 
504.649278 858.261826 
502.821517 869.951377 
501.967407 875.523560 
