509.720551 494.365082 
504.139226 483.932997 
497.768840 473.973213 
491.133930 464.181290 
485.264058 453.909840 
479.534563 443.558133 
473.483693 433.392708 
466.519353 423.835138 
458.427222 415.216760 
449.333239 407.655268 
439.568429 400.980992 
429.196909 395.301402 
418.099473 391.258741 
406.329948 390.324150 
394.513776 390.882674 
382.743947 392.078628 
371.065674 393.960459 
359.678713 397.135974 
348.989501 402.163529 
339.614923 409.345210 
331.841111 418.244018 
325.999606 428.496382 
325.323985 440.112377 
331.090207 450.272586 
341.960124 454.251122 
353.776245 453.831598 
365.482210 452.187031 
377.033004 449.625267 
388.690515 447.638084 
400.504870 447.637969 
412.205959 449.346420 
423.681290 452.213280 
434.814071 456.194894 
445.305107 461.647151 
454.916159 468.521044 
462.603035 477.480756 
469.217989 487.287877 
475.055540 497.575919 
480.208077 508.225039 
484.874351 519.096797 
489.103292 530.145826 
492.873806 541.359873 
496.016547 552.763707 
498.318008 564.367002 
499.920036 576.088660 
501.187358 587.852068 
502.401425 599.621186 
503.744876 611.376153 
505.144495 623.124646 
506.389097 634.890390 
507.356883 646.682002 
508.033401 658.494012 
508.529701 670.315126 
508.920308 682.140235 
509.232860 693.967674 
509.477705 705.796710 
509.653766 717.626966 
509.740148 729.458193 
509.682338 741.289527 
509.416515 753.117942 
508.928966 764.939339 
508.288360 776.753518 
507.503898 788.558979 
506.558945 800.352678 
505.454178 812.132482 
504.190208 823.896265 
502.714637 835.635300 
501.079030 847.353241 
499.360463 859.059335 
497.606485 870.760188 
496.687744 877.002136 
