522.308899 481.782959 
510.502380 481.184969 
500.126131 475.905336 
492.761524 466.678063 
486.791667 456.471205 
481.531914 445.873323 
476.224120 435.299701 
470.167652 425.141833 
463.081677 415.677988 
454.661501 407.378746 
445.360744 400.074319 
435.227317 393.988011 
424.250501 389.602861 
412.694911 387.136671 
400.887980 386.481746 
389.063726 386.823557 
377.308441 388.124570 
365.859157 391.032366 
355.349583 396.417934 
345.922224 403.552409 
337.305467 411.655229 
330.037949 420.949047 
327.824827 432.368424 
331.176256 443.635310 
340.216036 450.647246 
351.946610 449.642832 
363.427520 446.788352 
374.950683 444.123553 
386.749635 443.646555 
398.453168 445.342118 
410.124062 447.284119 
421.716075 449.647197 
433.159848 452.648305 
444.209658 456.782686 
453.144748 464.447509 
460.257405 473.895566 
466.882061 483.698530 
473.032442 493.802492 
478.409816 504.339240 
483.233824 515.141818 
487.628949 526.125953 
491.556297 537.285902 
494.977691 548.610020 
497.576150 560.150110 
499.425378 571.834790 
500.811146 583.584613 
502.002356 595.356044 
503.172821 607.129583 
504.358143 618.901634 
505.420612 630.685296 
506.261517 642.486750 
506.853548 654.303315 
507.254677 666.128033 
507.545053 677.956026 
507.755674 689.785719 
507.898412 701.616428 
507.973641 713.447755 
507.964962 725.279301 
507.825943 737.109984 
507.513261 748.937316 
507.017521 760.758409 
506.381813 772.572865 
505.635698 784.380835 
504.741412 796.178491 
503.691875 807.963352 
502.495485 819.734225 
501.131308 831.486753 
499.613779 843.220575 
498.018701 854.944136 
496.385510 866.662457 
495.076935 876.133667 
