535.261597 477.409210 
523.848934 480.516469 
512.225831 479.858833 
502.505260 473.223036 
494.548455 464.478206 
487.741670 454.807864 
481.541311 444.731525 
475.438979 434.595117 
468.980210 424.683913 
462.045601 415.101920 
453.942787 406.490740 
445.073072 398.665646 
435.438044 391.812327 
425.241876 385.815654 
414.089837 382.003231 
402.298944 381.246456 
390.487922 381.887052 
378.764087 383.455820 
367.277844 386.252265 
356.524899 391.139733 
346.853309 397.931941 
338.333346 406.125723 
331.612272 415.829258 
327.838338 426.980523 
329.008174 438.657329 
336.986319 446.771480 
348.725177 446.503109 
360.308392 444.098463 
371.907741 441.780234 
383.689774 440.729461 
395.512216 440.807322 
407.212167 442.511928 
418.671971 445.440853 
429.905891 449.150399 
440.888476 453.527512 
450.468280 460.380733 
457.825947 469.625475 
464.193455 479.596625 
470.225686 489.772736 
475.566843 500.328088 
480.366033 511.141548 
484.698073 522.150717 
488.604305 533.318151 
492.115528 544.616162 
495.216411 556.033366 
497.776859 567.583110 
499.561017 579.277258 
501.032374 591.016994 
502.559689 602.749578 
504.085378 614.482377 
505.554067 626.222431 
506.925648 637.974197 
508.152934 649.741849 
509.167800 661.529618 
509.970336 673.333848 
510.626948 685.147147 
511.177981 696.965865 
511.650281 708.788004 
512.066358 720.612263 
512.448435 732.437675 
512.759618 744.265096 
512.821574 756.096091 
512.525654 767.923621 
511.963339 779.741632 
511.188153 791.547678 
510.247856 803.341764 
509.171535 815.124234 
507.959295 826.893443 
506.561888 838.642139 
505.055380 850.377399 
503.489846 862.104946 
501.906745 873.830139 
501.387970 877.771423 
