535.261597 477.409210 
523.769532 480.193456 
512.302049 478.366979 
502.838989 471.321580 
494.689143 462.751382 
487.461058 453.390253 
480.790474 443.618901 
474.248002 433.760804 
467.578412 423.988470 
460.945010 414.194177 
452.957840 405.482856 
444.002410 397.757883 
434.243455 391.081398 
423.922233 385.309788 
412.645825 381.849549 
400.870796 380.766757 
389.042082 380.701396 
377.251742 381.629664 
365.724714 384.207421 
355.128087 389.412936 
345.658807 396.489275 
337.086226 404.637307 
329.817651 413.943971 
325.802294 424.970054 
327.971567 436.468060 
336.446943 444.241647 
348.191271 444.348194 
359.835231 442.258777 
371.493772 440.261726 
383.269011 439.109761 
395.086152 438.734065 
406.839223 440.033752 
418.363385 442.681105 
429.443719 446.808015 
439.949623 452.230993 
449.374959 459.346257 
456.959253 468.403296 
463.399319 478.326794 
469.500779 488.462121 
474.924420 498.975131 
479.785380 509.760959 
484.173486 520.747872 
488.132544 531.896679 
491.691883 543.179624 
494.850121 554.581153 
497.488947 566.113368 
499.370132 577.791796 
500.843649 589.531257 
502.339898 601.267850 
503.821707 613.006272 
505.261964 624.749859 
506.640480 636.500844 
507.930269 648.261878 
509.089326 660.036475 
510.128598 671.822296 
511.076311 683.615836 
511.934755 695.416209 
512.695416 707.223278 
513.337444 719.037365 
513.825761 730.858783 
514.123172 742.686424 
514.123054 754.517605 
513.787151 766.344089 
513.159905 778.158694 
512.232140 789.953606 
511.087271 801.729565 
509.811357 813.492122 
508.465169 825.246848 
506.987641 836.985757 
505.417995 848.712746 
503.799036 860.433039 
502.161256 872.150721 
501.387970 877.771423 
