536.467834 478.996826 
524.832655 476.852951 
513.370353 473.956742 
502.925729 468.489136 
493.896606 460.860650 
485.780533 452.257250 
478.854415 442.673836 
472.384452 432.768635 
465.629817 423.054698 
458.522338 413.601042 
450.575982 404.838125 
441.577804 397.180679 
431.714455 390.647155 
421.347311 384.966910 
410.069739 381.488998 
398.291301 380.486108 
386.467784 380.800870 
374.718286 382.157169 
363.220119 384.894617 
352.389502 389.617332 
342.547401 396.158825 
334.051558 404.362486 
327.589894 414.246443 
324.101384 425.470759 
327.230396 436.666570 
336.856349 443.008659 
348.645044 442.699604 
360.361388 441.053766 
372.148101 440.042085 
383.941634 439.095477 
395.764415 438.804070 
407.522531 440.048201 
419.011626 442.835120 
430.052319 447.072117 
440.535275 452.538858 
449.788277 459.858990 
456.553681 469.529625 
462.224331 479.913259 
468.042410 490.215109 
473.454490 500.735042 
478.323117 511.517207 
482.750007 522.488842 
486.887364 533.573273 
490.863362 544.716535 
494.376961 556.012465 
497.030227 567.539250 
498.784635 579.238753 
500.361855 590.964722 
502.003107 602.681916 
503.633140 614.400674 
505.208895 626.126840 
506.696376 637.864508 
508.051444 649.618148 
509.206352 661.393040 
510.154708 673.186449 
510.951855 684.991091 
511.634205 696.802949 
512.229431 708.619532 
512.761208 720.439152 
513.262984 732.260091 
513.705507 744.083334 
513.906433 755.912796 
513.706231 767.742062 
513.116359 779.558503 
512.212880 791.355276 
511.064245 803.130809 
509.723860 814.886124 
508.211126 826.620431 
506.453168 838.320540 
504.546270 849.997405 
502.559856 861.661037 
500.552098 873.321021 
499.984039 876.714111 
