545.627991 485.220673 
535.743246 478.771291 
524.514431 475.100655 
513.109401 471.957376 
502.268699 467.277412 
492.557866 460.546493 
484.171237 452.223896 
477.451133 442.495031 
470.902529 432.643631 
464.051373 422.997699 
456.714144 413.718960 
448.986229 404.764632 
439.950467 397.152931 
430.243679 390.390088 
419.903635 384.663518 
408.615580 381.227333 
396.830824 380.309385 
385.013566 380.793125 
373.292522 382.374236 
361.856938 385.360873 
351.132591 390.321661 
341.428551 397.066218 
333.151360 405.487375 
326.961846 415.543159 
324.081668 426.911447 
328.100894 437.817499 
338.285991 443.194032 
350.074398 442.510912 
361.792982 440.883036 
373.586466 439.943326 
385.385057 439.063287 
397.209916 438.877222 
408.976425 440.058977 
420.448213 442.894869 
431.214751 447.762739 
441.105600 454.239411 
449.961438 462.065254 
457.284494 471.341246 
463.366663 481.482486 
468.493518 492.143980 
473.396444 502.911802 
478.466963 513.601771 
483.200461 524.443037 
487.040882 535.630396 
490.167653 547.040335 
492.937193 558.543034 
495.491844 570.094988 
497.582791 581.739827 
499.487564 593.417073 
501.395655 605.093783 
503.266462 616.776514 
505.059351 628.471435 
506.733785 640.183864 
508.230436 651.920239 
509.458651 663.687584 
510.423796 675.479562 
511.196150 687.285818 
511.828128 699.100465 
512.366294 710.919787 
512.861266 722.741013 
513.358085 734.562161 
513.770225 746.386457 
513.900899 758.216820 
513.619519 770.044464 
512.962776 781.857412 
512.006776 793.650070 
510.816837 805.421517 
509.444237 817.173123 
507.886019 828.901406 
506.090725 840.595881 
504.164116 852.269519 
502.168164 863.931526 
500.168424 875.592878 
499.984039 876.714111 
