547.715210 484.197357 
537.360942 478.559131 
525.947512 475.455322 
514.624629 472.049121 
504.384268 466.194903 
495.564957 458.318714 
487.696965 449.491371 
480.363902 440.206369 
473.217981 430.776938 
466.097427 421.328157 
459.019574 411.849467 
451.768488 402.511660 
442.816515 394.805274 
433.048448 388.136515 
422.484801 382.840627 
411.046730 379.930675 
399.237006 379.394417 
387.432692 380.143158 
375.724043 381.824475 
364.222889 384.572054 
353.273220 389.015873 
343.307080 395.360012 
334.950026 403.686522 
329.303761 414.047260 
326.478761 425.490004 
330.243430 436.373848 
340.672257 441.393448 
352.485741 441.200753 
364.278379 440.244065 
376.001360 438.652746 
387.729911 437.104930 
399.544001 436.940947 
411.219469 438.791482 
422.657117 441.814613 
433.856694 445.584446 
443.665616 452.135363 
452.112563 460.409625 
459.588714 469.572611 
465.806617 479.627082 
471.042815 490.235456 
476.146203 500.909457 
481.318388 511.550121 
485.762593 522.510846 
489.379014 533.774490 
492.387414 545.216058 
494.969244 556.762272 
497.266523 568.368096 
499.120960 580.052762 
500.601746 591.790998 
501.854828 603.555953 
502.983479 615.333547 
504.022946 627.119359 
504.983563 638.911861 
505.861140 650.710827 
506.635024 662.517028 
507.286322 674.330613 
507.801525 686.150908 
508.179149 697.976404 
508.434166 709.805198 
508.591256 721.635713 
508.660457 733.467069 
508.637617 745.298599 
508.508652 757.129433 
508.243650 768.957964 
507.783092 780.780383 
507.055781 792.589283 
506.019642 804.375083 
504.723039 816.135266 
503.286912 827.879319 
501.656268 839.597862 
499.887486 851.296454 
498.048942 862.984310 
496.191960 874.669256 
495.710236 877.776428 
