549.385071 482.699982 
538.208817 478.817510 
526.888106 475.380214 
515.734679 471.451090 
505.333937 465.835603 
495.942977 458.658770 
487.949245 449.954945 
480.684086 440.616747 
473.528675 431.194554 
466.415901 421.739874 
459.319663 412.274795 
452.120916 402.894936 
443.234682 395.115728 
433.493294 388.407439 
422.968880 383.033076 
411.563357 379.997467 
399.757806 379.385908 
387.950829 380.089794 
376.236595 381.731667 
364.720418 384.417811 
353.737587 388.779767 
343.718493 395.040582 
335.265199 403.271970 
329.495667 413.563122 
326.509440 424.969623 
329.898718 435.983962 
340.157551 441.332940 
351.969004 441.241088 
363.762693 440.296264 
375.488759 438.729524 
387.214213 437.156788 
399.027004 436.904351 
410.713940 438.677557 
422.157887 441.675743 
433.385460 445.368530 
443.270078 451.800454 
451.762343 460.027700 
459.283834 469.153570 
465.562140 479.169990 
470.822122 489.766410 
475.916411 500.444798 
481.101477 511.079303 
485.587932 522.022829 
489.234118 533.276815 
492.266731 544.711955 
494.891054 556.248700 
497.312850 567.829126 
499.177732 579.511432 
500.483740 591.269903 
501.395252 603.066065 
502.112131 614.875848 
502.728336 626.691358 
503.294352 638.509393 
503.849783 650.327933 
504.440228 662.144764 
505.073694 673.959377 
505.693486 685.774709 
506.225601 697.594267 
506.597734 709.419872 
506.767396 721.250107 
506.777598 733.081625 
506.661341 744.912588 
506.424379 756.741747 
506.057073 768.567560 
505.524992 780.387038 
504.746999 792.192724 
503.673007 803.975179 
502.374624 815.735225 
500.976796 827.483907 
499.425572 839.213295 
497.777746 850.929552 
496.080695 862.638794 
494.373041 874.346495 
493.989655 877.035278 
