564.178711 489.353638 
555.838905 481.849076 
544.134139 480.136440 
532.560426 477.694444 
521.197839 474.421463 
510.523217 469.350095 
500.637249 462.863319 
491.813500 455.005926 
484.315158 445.859043 
477.117273 436.469327 
470.172772 426.890221 
463.075720 417.424084 
456.155408 407.828038 
448.235078 399.070021 
438.814329 391.919305 
428.755459 385.704589 
417.808246 381.274981 
406.127607 379.567206 
394.305826 379.847250 
382.559690 381.241111 
370.953911 383.526495 
359.641330 386.964816 
348.944841 391.993512 
339.336207 398.860772 
331.953593 408.042759 
327.452499 418.948425 
327.175290 430.625263 
333.570230 440.389676 
344.605055 443.497475 
356.226239 441.297258 
367.938874 439.632746 
379.650828 437.955051 
391.422705 436.803921 
403.227048 437.331757 
414.817543 439.671070 
426.221727 442.821563 
437.122070 447.330410 
446.421284 454.610567 
454.557534 463.192305 
461.698775 472.616877 
467.559543 482.887941 
472.665177 493.560463 
477.618067 504.305383 
482.242421 515.194895 
486.330480 526.296235 
489.725040 537.627507 
492.387420 549.154824 
494.791173 560.739502 
496.915880 572.378375 
498.745527 584.067386 
500.385784 595.784684 
501.953073 607.511989 
503.452671 619.248136 
504.871472 630.994316 
506.184844 642.752725 
507.344379 654.527225 
508.257812 666.323206 
508.883821 678.137954 
509.262554 689.963321 
509.483419 701.792809 
509.667027 713.622966 
509.889417 725.452459 
510.089492 737.282343 
510.212770 749.113248 
510.201534 760.944729 
509.977976 772.773966 
509.466387 784.594200 
508.664702 796.398298 
507.591714 808.180924 
506.322894 819.944204 
504.890392 831.688536 
503.248451 843.405555 
501.495232 855.106499 
499.685432 866.798844 
498.014374 877.665344 
