570.678833 492.412506 
561.609266 485.694591 
549.850431 484.400956 
538.133521 482.761095 
526.555835 480.382699 
515.672120 475.781216 
505.595685 469.599703 
496.794482 461.725734 
489.185302 452.667530 
481.689777 443.513741 
474.330314 434.249858 
466.726791 425.185066 
459.127838 416.116410 
451.257245 407.284036 
442.783025 399.031230 
434.168167 390.922933 
424.373162 384.357476 
413.005813 381.247254 
401.198540 380.625108 
389.381196 381.147592 
377.627948 382.487877 
366.027476 384.784883 
354.932390 388.845086 
344.750954 394.844179 
335.616372 402.346463 
328.188344 411.523524 
323.014938 422.131974 
321.824220 433.811749 
326.312577 444.524272 
337.167960 448.542937 
348.888788 447.332824 
360.203144 443.879778 
371.569471 440.609201 
383.253045 438.775068 
395.049995 437.931086 
406.849451 438.599608 
418.333387 441.384063 
429.286063 445.839330 
439.668783 451.498917 
449.013577 458.725844 
456.909912 467.520190 
463.667873 477.227312 
469.708883 487.398234 
474.910117 498.018520 
479.054953 509.098101 
482.982376 520.258622 
486.996570 531.388319 
490.632853 542.645930 
493.683241 554.076770 
496.372327 565.598016 
498.589376 577.219234 
500.411950 588.909236 
501.969978 600.637648 
503.379899 612.384882 
504.697787 624.142819 
505.946005 635.908363 
507.132589 647.680283 
508.254901 659.458501 
509.297365 671.244042 
510.235380 683.038337 
511.043963 694.842192 
511.707245 706.655093 
512.225961 718.475238 
512.628714 730.299925 
512.903896 742.128234 
513.012172 753.959200 
512.906190 765.790108 
512.529552 777.615389 
511.855145 789.427442 
510.907147 801.220765 
509.738798 812.994402 
508.418568 824.752036 
506.883594 836.483417 
505.172921 848.190626 
503.370295 859.884068 
501.529738 871.571614 
500.637207 877.363464 
