575.429810 498.718414 
569.721527 489.505777 
557.917108 488.888915 
546.165081 487.558084 
534.511194 485.531644 
523.227543 482.019794 
512.682785 476.680001 
502.927003 469.997786 
493.909341 462.344553 
485.737260 453.798431 
478.293915 444.602223 
471.279024 435.078776 
464.400749 425.454202 
456.516207 416.645570 
448.065117 408.365499 
439.108811 400.642762 
429.105068 394.361013 
417.970094 390.424035 
406.344260 388.263753 
394.555925 387.300880 
382.728811 387.400631 
370.986282 388.778966 
359.510019 391.630574 
348.409067 395.708181 
337.875967 401.075413 
328.870515 408.680338 
322.263002 418.462248 
318.231636 429.525741 
320.043648 441.061307 
327.749291 449.830132 
339.017177 452.655574 
350.557331 450.120798 
362.023735 447.207149 
373.404539 443.973402 
385.017080 441.791804 
396.833801 441.963561 
408.543046 443.626836 
420.066303 446.298347 
431.375049 449.762130 
441.980749 454.951063 
450.907580 462.666025 
458.120009 472.032761 
464.457917 482.022229 
470.213428 492.357387 
475.463414 502.959638 
480.354196 513.732535 
484.852262 524.674676 
488.713767 535.856144 
491.926374 547.242263 
494.769666 558.726688 
497.213237 570.302524 
499.296469 581.948960 
501.157562 593.633156 
502.889312 605.337284 
504.535645 617.053747 
506.108005 628.780369 
507.603407 640.517046 
509.004770 652.265305 
510.276728 664.028249 
511.415478 675.804840 
512.404374 687.594934 
513.222966 699.398056 
513.860999 711.212309 
514.321824 723.034811 
514.605474 734.862879 
514.701291 746.693945 
514.592998 758.524876 
514.258028 770.351517 
513.657942 782.167576 
512.759370 793.964688 
511.587166 805.737845 
510.202653 817.488037 
508.648168 829.216872 
506.851843 840.911164 
504.913950 852.582929 
502.901932 864.242174 
500.881426 875.899948 
500.637207 877.363464 
