578.164795 503.477600 
572.458763 493.466810 
560.763049 492.300254 
548.959398 491.491589 
537.195345 490.269516 
525.809361 487.127500 
515.139333 482.037830 
505.139119 475.728614 
496.194897 468.001943 
488.461908 459.054142 
481.116656 449.778827 
473.581895 440.656816 
465.997905 431.576569 
457.845057 423.006022 
449.614709 414.506680 
441.198227 406.194211 
431.899958 398.900065 
421.192434 393.949749 
409.649220 391.425180 
397.847031 390.724568 
386.038815 391.387880 
374.347979 393.177017 
362.838376 395.908971 
351.528196 399.375724 
340.513604 403.684763 
330.306075 409.607980 
322.420002 418.360916 
316.999516 428.860888 
314.525453 440.303745 
318.601304 451.191833 
329.186670 456.169961 
340.926413 457.237009 
352.571594 455.263505 
364.032239 452.324863 
375.635828 450.025039 
387.278328 447.920657 
399.046691 446.798553 
410.816130 447.825734 
422.340241 450.479626 
433.483450 454.432957 
443.713242 460.310967 
451.684936 469.000508 
458.346600 478.778015 
465.056729 488.522288 
471.360247 498.533446 
477.062928 508.897380 
482.031349 519.633152 
486.401185 530.626877 
490.237679 541.818073 
493.550154 553.175381 
496.253209 564.692347 
498.390344 576.328712 
500.283763 588.007765 
502.068320 599.703940 
503.753032 611.414942 
505.360543 623.136796 
506.894170 634.868544 
508.344307 646.610894 
509.682623 658.366482 
510.898954 670.135344 
511.995778 681.915908 
512.926081 693.710735 
513.645070 705.520270 
514.123251 717.341970 
514.320165 729.171601 
514.247153 741.002766 
513.968223 752.830957 
513.543312 764.654864 
513.032063 776.475386 
512.441439 788.292172 
511.689232 800.099673 
510.694160 811.889077 
509.412432 823.650719 
507.782698 835.369088 
505.906290 847.050830 
503.904773 858.711861 
501.847390 870.363193 
500.637207 877.363464 
