582.965942 506.797119 
577.346168 497.150236 
565.623612 495.775857 
553.816110 495.029893 
542.013865 494.270224 
530.682810 490.990813 
520.129517 485.656727 
510.077283 479.421148 
500.690625 472.231248 
492.375859 463.828697 
484.952942 454.616620 
477.511141 445.419370 
470.054824 436.233169 
462.252103 427.343974 
453.710765 419.158299 
444.946205 411.212640 
435.434495 404.194046 
424.751510 399.164818 
413.351075 396.033466 
401.639109 394.411278 
389.816433 394.310649 
378.097983 395.869144 
366.624250 398.741689 
355.404614 402.489992 
344.495861 407.062299 
334.297629 413.025457 
325.523869 420.932802 
318.551842 430.459659 
315.802843 441.841322 
318.489072 453.210810 
327.542442 460.530939 
339.162035 462.125368 
350.609094 459.284751 
361.863201 455.645237 
373.383841 452.952441 
384.969887 450.560938 
396.711389 449.164884 
408.533472 449.412972 
420.267965 450.881860 
431.708459 453.850112 
442.280414 459.095154 
451.370060 466.638451 
459.226017 475.478683 
466.207187 485.023252 
472.245024 495.195383 
477.746567 505.669417 
483.016393 516.262497 
488.047851 526.970320 
492.573152 537.900415 
496.288305 549.129869 
499.062666 560.628187 
500.943337 572.307362 
502.349000 584.054941 
503.585205 595.821633 
504.640905 607.605954 
505.579586 619.400211 
506.432188 631.201015 
507.209614 643.007012 
507.910013 654.817824 
508.514345 666.633923 
509.000969 678.455442 
509.358742 690.281557 
509.584733 702.110925 
509.686863 713.942021 
509.688726 725.773584 
509.599108 737.604788 
509.379337 749.434251 
508.979265 761.258918 
508.332180 773.072504 
507.322801 784.860332 
505.932609 796.609596 
504.308192 808.329065 
502.646556 820.043372 
501.055559 831.767492 
499.417522 843.485131 
497.746059 855.198054 
496.058514 866.908673 
494.938812 874.712585 
