587.177368 511.491150 
581.210550 501.511097 
569.703946 499.383870 
557.899334 498.647256 
546.134862 497.401985 
534.659196 494.590182 
523.658675 490.250300 
513.342395 484.484732 
504.206446 476.985531 
495.780789 468.679963 
487.678195 460.059487 
479.907832 451.137907 
472.778970 441.706455 
466.248349 431.843607 
458.233154 423.167634 
449.324628 415.383786 
439.819096 408.348241 
429.405212 402.769616 
418.061416 399.468929 
406.333009 397.973799 
394.507425 397.860948 
382.738836 399.013256 
371.205239 401.623615 
359.980487 405.352787 
349.108906 410.012340 
338.896451 415.961658 
329.707199 423.399703 
321.694377 432.083252 
317.148715 442.877387 
317.790720 454.586940 
324.771892 463.876816 
335.805336 467.649993 
347.384429 465.518089 
358.605970 461.768702 
369.911987 458.285405 
381.142431 454.568370 
392.783452 452.606294 
404.595153 453.087484 
416.303525 454.769183 
427.842530 457.368753 
439.021958 461.212535 
449.371666 466.901792 
458.262535 474.678730 
465.678695 483.878858 
471.768487 494.017824 
477.206267 504.525017 
482.460084 515.126129 
487.528723 525.816498 
492.122001 536.718381 
495.936792 547.914529 
498.812335 559.388053 
500.774365 571.053550 
502.207902 582.797687 
503.462941 594.562407 
504.534471 606.345290 
505.483678 618.138703 
506.344716 629.938893 
507.129979 641.744372 
507.839061 653.554667 
508.468764 665.369467 
509.023340 677.188016 
509.455677 689.011621 
509.710815 700.840311 
509.741765 712.671650 
509.504452 724.500540 
508.985246 736.320515 
508.255773 748.129486 
507.388262 759.929188 
506.455173 771.723919 
505.498590 783.516760 
504.454525 795.302142 
503.271501 807.074341 
501.907162 818.826862 
500.315332 830.550586 
498.467947 842.236925 
496.479238 853.900140 
494.420174 865.551171 
492.817169 874.695984 
