591.744263 520.724243 
587.012963 509.946554 
576.356472 505.542541 
564.623164 504.037279 
552.942878 502.154240 
541.440233 499.395701 
530.160405 495.840475 
519.448845 490.836877 
509.458833 484.513840 
500.500531 476.803243 
492.618231 467.984091 
485.060276 458.881437 
477.905845 449.458761 
470.783255 440.011605 
463.178762 430.952485 
454.510693 422.911104 
444.779333 416.207999 
434.036614 411.275145 
422.837783 407.466216 
411.357895 404.621725 
399.632461 403.105932 
387.816939 403.386519 
376.125693 405.174453 
364.616406 407.906739 
353.335536 411.464595 
342.552609 416.299049 
333.039637 423.291135 
325.184899 432.116922 
319.795347 442.604228 
317.221655 454.119803 
319.648512 465.523889 
328.276307 473.324382 
339.911123 473.748358 
351.183924 470.174265 
362.412732 466.450204 
373.602240 462.608610 
384.909501 459.144308 
396.613199 457.534183 
408.440474 457.505706 
420.217718 458.587339 
431.765534 461.108481 
442.729472 465.514910 
452.612923 471.981601 
461.097598 480.205500 
468.142905 489.701219 
474.294609 499.805498 
479.977220 510.182588 
485.309814 520.743165 
490.094077 531.562692 
494.238716 542.642646 
497.687513 553.958547 
500.401813 565.472307 
502.450322 577.124278 
504.162424 588.831198 
505.685216 600.564240 
507.051429 612.316624 
508.306368 624.081431 
509.464177 635.856197 
510.521191 647.640431 
511.454132 659.435104 
512.240051 671.240478 
512.864225 683.055484 
513.309338 694.878577 
513.572116 706.707135 
513.665585 718.538262 
513.592090 730.369518 
513.354089 742.198620 
512.956527 754.023433 
512.390978 765.841385 
511.629751 777.648283 
510.564594 789.431386 
509.181881 801.181645 
507.607547 812.907976 
506.012798 824.631576 
504.432735 836.357157 
502.782704 848.073111 
501.094663 859.783656 
499.392601 871.492173 
498.797058 875.629395 
