597.960510 528.123108 
592.948726 517.432685 
582.373393 513.274529 
570.869250 510.546701 
559.476558 507.354179 
548.107206 504.079462 
536.709146 500.906546 
525.580936 496.919249 
515.008068 491.619777 
505.219154 484.994903 
496.537002 476.969579 
488.593843 468.202046 
481.010488 459.123090 
473.842566 449.710071 
466.541699 440.400680 
458.577200 431.659492 
449.849306 423.673805 
440.431455 416.525536 
429.975028 411.028949 
418.669709 407.583209 
406.990573 405.735115 
395.174995 405.255817 
383.394826 406.246833 
371.855864 408.832936 
360.614963 412.514193 
349.692074 417.053987 
339.339988 422.761263 
329.979472 429.978410 
322.093129 438.761801 
317.735284 449.663430 
318.270350 461.391558 
323.093799 472.131853 
333.097222 477.810019 
344.822124 477.344353 
356.119443 473.840044 
367.151587 469.565603 
378.238238 465.436403 
389.610844 462.200814 
401.355253 460.879138 
413.175379 461.188910 
424.875928 462.899976 
436.253660 466.103631 
446.883791 471.258216 
456.369104 478.304204 
464.316736 487.041759 
470.835058 496.909773 
476.769934 507.144879 
482.425739 517.536346 
487.593646 528.177965 
492.074509 539.125520 
495.788601 550.357363 
498.894235 561.772684 
501.436886 573.326852 
503.538560 584.969777 
505.301902 596.668781 
506.767880 608.409003 
508.041996 620.171696 
509.180644 631.948315 
510.214292 643.734632 
511.161136 655.528246 
512.003838 667.329709 
512.692756 679.141137 
513.231947 690.960358 
513.636707 702.784963 
513.929771 714.612885 
514.129300 726.442752 
514.214670 738.273977 
514.175060 750.105438 
514.002601 761.935701 
513.689178 773.763061 
513.227970 785.585577 
512.620984 797.401512 
511.870624 809.209204 
510.965877 821.006051 
509.877784 832.787348 
508.476889 844.535098 
506.733985 856.237358 
504.793055 867.908591 
503.051086 878.269470 
