607.408936 537.013672 
600.324329 527.544709 
590.804523 520.668632 
579.701587 516.606069 
568.230171 513.713791 
556.783515 510.723533 
545.384771 507.553573 
534.197264 503.715485 
523.264533 499.194526 
512.810377 493.675034 
503.436034 486.480899 
495.086825 478.102700 
487.116253 469.358847 
479.344615 460.439648 
471.881271 451.259026 
464.272384 442.199673 
456.021329 433.727199 
447.190940 425.855563 
437.470321 419.139158 
426.527853 414.712597 
414.901163 412.581322 
403.098321 411.811960 
391.268733 411.889898 
379.482103 412.871228 
367.851315 415.012391 
356.550191 418.487838 
345.834388 423.484152 
335.794368 429.731581 
326.836617 437.424887 
320.458690 447.335227 
317.120662 458.641730 
318.830844 470.200820 
325.333108 480.002999 
336.133258 483.766932 
347.552288 480.769446 
358.720073 476.864264 
369.979817 473.233328 
381.178424 469.416318 
392.620136 466.435464 
404.350632 464.927289 
416.171622 464.772438 
427.830441 466.664360 
438.916120 470.757245 
449.199974 476.584189 
458.458180 483.931897 
466.208773 492.848748 
472.692648 502.741490 
478.553939 513.018156 
484.032766 523.504171 
489.154934 534.168827 
493.805188 545.046695 
497.739436 556.202572 
500.729891 567.645489 
502.793898 579.293997 
504.449373 591.009005 
505.769656 602.766276 
506.835554 614.549636 
507.765405 626.344592 
508.625319 638.144879 
509.466637 649.946514 
510.343829 661.745525 
511.255920 673.541900 
512.147005 685.339873 
512.955265 697.143771 
513.614011 708.956886 
514.057448 720.779954 
514.276094 732.609378 
514.303590 744.440819 
514.162153 756.271473 
513.875288 768.099519 
513.466110 779.923978 
512.895752 791.741691 
512.162510 803.550464 
511.302868 815.350735 
510.342248 827.143230 
509.282302 838.927159 
508.005424 850.689473 
506.559108 862.432267 
505.047739 874.166919 
504.852966 875.760315 
