613.773987 542.010986 
605.170531 533.890702 
596.033758 526.374872 
586.406986 519.513156 
575.502041 515.022260 
563.949285 512.477429 
552.352280 510.143237 
540.755853 507.825147 
529.753395 503.521203 
519.375799 497.846160 
509.449037 491.412267 
500.000025 484.297116 
491.240357 476.349114 
483.073971 467.791557 
475.442042 458.751219 
467.898020 449.636796 
460.071813 440.765492 
451.789442 432.316537 
443.251589 424.130483 
433.545939 417.410998 
422.402648 413.541537 
410.683185 411.987867 
398.858309 411.689947 
387.040506 412.196384 
375.364378 414.053244 
364.019339 417.388738 
353.090634 421.908028 
342.622461 427.414961 
332.717585 433.874534 
324.211511 442.052206 
318.538685 452.377911 
316.804977 464.009467 
319.644120 475.428164 
326.869284 484.483684 
338.404452 484.300695 
349.506931 480.220861 
360.654811 476.270885 
372.048556 473.082156 
383.527949 470.223446 
395.209539 468.383827 
407.013526 467.633951 
418.824693 468.173325 
430.469037 470.236593 
441.811497 473.575254 
452.361242 478.865911 
460.721942 487.151345 
467.170877 497.068803 
473.733178 506.913177 
480.331828 516.733598 
486.623931 526.752224 
492.274275 537.143434 
496.646925 548.125419 
499.323514 559.640104 
500.763176 571.381888 
501.980036 583.150586 
503.442745 594.891352 
504.841637 606.639913 
506.155769 618.398272 
507.400116 630.164224 
508.577566 641.937058 
509.680885 653.717065 
510.703223 665.504383 
511.657054 677.297435 
512.513071 689.097966 
513.235956 700.907367 
513.791182 712.725800 
514.146266 724.551889 
514.280279 736.382564 
514.225290 748.213923 
514.023736 760.043737 
513.720918 771.871426 
513.360625 783.697516 
512.936609 795.521478 
512.412773 807.341410 
511.740884 819.153792 
510.842068 830.950907 
509.518977 842.707114 
507.688056 854.395591 
505.554020 866.032984 
504.051941 874.169556 
