621.886780 546.997620 
611.355851 541.664872 
603.611753 532.790572 
595.454297 524.295897 
585.152098 518.535255 
573.916161 514.868248 
562.396198 512.171787 
550.791238 509.883802 
539.236557 507.382741 
528.338539 502.812601 
518.027972 497.015682 
508.149808 490.507009 
498.719358 483.367570 
490.085934 475.285379 
482.344296 466.347142 
475.282722 456.854429 
468.154932 447.411811 
460.324690 438.550959 
451.783597 430.364896 
442.647776 422.856049 
432.483690 416.836716 
421.222711 413.296548 
409.484518 411.885752 
397.657164 411.698874 
385.845197 412.314190 
374.195522 414.330069 
362.889002 417.795282 
352.007509 422.427485 
341.586193 428.022521 
331.766533 434.608362 
323.452863 442.979947 
318.255788 453.526822 
318.561691 465.217359 
323.905197 475.718754 
332.784628 483.256277 
344.351006 482.260341 
355.397707 478.025596 
366.708643 474.569748 
378.139254 471.519266 
389.761078 469.321937 
401.472724 467.643754 
413.257455 466.639989 
425.045385 467.367209 
436.439627 470.491894 
447.129048 475.533818 
456.876105 482.217369 
465.199464 490.599691 
472.171773 500.152626 
478.476418 510.163075 
484.326197 520.446346 
489.697956 530.986813 
494.420530 541.832166 
498.272456 553.016203 
501.218809 564.471737 
503.353207 576.107675 
505.020947 587.820793 
506.328059 599.579305 
507.308419 611.370004 
508.104536 623.174708 
508.795287 634.986092 
509.437926 646.800210 
510.088265 658.613902 
510.761291 670.426329 
511.403247 682.240474 
511.959816 694.058916 
512.369806 705.883284 
512.564049 717.713055 
512.491553 729.544185 
512.165758 741.371075 
511.608215 753.189358 
510.861598 764.997271 
509.981700 776.796052 
508.977151 788.584845 
507.833110 800.360920 
506.540757 812.121622 
505.066593 823.860852 
503.313525 835.561274 
501.059813 847.175320 
498.415986 858.707411 
495.605144 870.200241 
495.085052 872.434692 
