625.181030 543.677612 
614.056737 539.893175 
607.255194 530.283756 
599.705673 521.260663 
589.131587 516.033514 
577.947699 512.175732 
566.646659 508.676137 
555.210435 505.643608 
543.850451 502.342997 
532.692658 498.408772 
521.765677 493.880352 
511.473369 488.067026 
502.217960 480.715781 
493.849944 472.355320 
486.156805 463.368456 
478.702697 454.180292 
471.084149 445.128548 
463.839295 435.777765 
456.490459 426.510937 
447.659481 418.682827 
437.106462 413.384279 
425.858716 409.731029 
414.329266 407.086903 
402.632392 405.327087 
390.821147 404.939241 
379.165305 406.857135 
367.905474 410.478542 
356.882526 414.771644 
346.192288 419.835284 
336.026895 425.875399 
327.323464 433.822575 
321.404318 444.027222 
318.026939 455.329826 
320.753150 466.620265 
328.966746 474.966485 
340.394720 476.925487 
351.910253 474.241497 
363.005802 470.146851 
374.117981 466.094622 
385.694051 463.738650 
397.497709 462.995481 
409.321472 463.313859 
421.075843 464.635837 
432.725427 466.689781 
444.074110 469.994725 
454.446641 475.611368 
462.980154 483.767573 
469.944357 493.323841 
476.202475 503.364038 
481.958456 513.699545 
487.198678 524.306209 
491.918021 535.154413 
496.001947 546.256780 
499.411698 557.584366 
502.054653 569.114752 
504.037368 580.778000 
505.599470 592.505529 
506.787084 604.277014 
507.727699 616.071021 
508.508413 627.876758 
509.175218 639.689505 
509.756894 651.506764 
510.261887 663.327529 
510.627255 675.153386 
510.836672 686.983036 
510.895216 698.814402 
510.814980 710.645655 
510.608218 722.475368 
510.237964 734.301049 
509.693885 746.120021 
508.999672 757.931161 
508.196123 769.735401 
507.300895 781.533025 
506.304654 793.322566 
505.230867 805.105306 
504.088932 816.881639 
502.876087 828.650876 
501.554133 840.408269 
500.025988 852.140617 
498.338720 863.851220 
496.587744 875.552517 
496.351807 877.196838 
