635.777039 545.097351 
624.396086 544.794321 
617.283937 535.397889 
609.913177 526.172591 
601.253857 518.122716 
591.187099 511.962371 
580.034164 508.038205 
568.646109 504.829434 
557.363843 501.269057 
546.142597 497.518775 
535.038956 493.433491 
523.987494 489.211761 
513.472474 483.816624 
503.884297 476.896371 
495.045934 469.036077 
487.011023 460.362302 
479.853017 450.942735 
472.492945 441.682495 
465.115022 432.435305 
457.243216 423.620329 
447.695196 416.675374 
437.216073 411.187782 
426.406100 406.382679 
415.299094 402.313947 
403.850148 399.361592 
392.071361 398.696606 
380.492988 401.014651 
369.421923 405.173928 
358.512104 409.751726 
347.630342 414.394016 
337.074788 419.730256 
327.389941 426.486760 
321.010073 436.303506 
318.862229 447.907886 
319.265716 459.663842 
325.691891 469.364943 
336.953602 472.043747 
348.517377 469.623348 
359.658471 465.682385 
370.432852 460.796634 
381.765256 457.487421 
393.549565 456.523877 
405.376007 456.722607 
417.138949 457.954311 
428.686761 460.494869 
439.853787 464.384068 
450.424663 469.675476 
459.832626 476.804585 
466.933733 486.224984 
472.490659 496.668912 
478.100069 507.086058 
483.608325 517.556921 
488.785655 528.194782 
493.427870 539.075584 
497.293532 550.255598 
500.439577 561.658917 
502.821075 573.246521 
504.632675 584.937912 
506.043355 596.684382 
507.083718 608.469869 
507.912448 620.272307 
508.621302 632.082612 
509.272184 643.896277 
509.922432 655.709977 
510.583210 667.523088 
511.185913 679.339298 
511.723656 691.158641 
512.192027 702.980933 
512.584112 714.805997 
512.918229 726.632860 
513.270523 738.459195 
513.503937 750.288316 
513.440841 762.119269 
512.984121 773.941459 
512.139232 785.742455 
511.035236 797.522280 
509.768599 809.285809 
508.396240 821.037509 
506.964560 832.782149 
505.428377 844.513394 
503.668847 856.213281 
501.759185 867.889697 
500.285645 876.838379 
