646.315674 548.976868 
634.989573 545.835976 
625.816181 538.418377 
617.384239 530.118567 
608.598660 522.197933 
599.426172 514.732175 
589.125929 508.952848 
578.017285 504.893226 
566.719280 501.380470 
555.468886 497.718458 
544.197913 494.119881 
533.112611 489.993317 
522.302805 485.185725 
511.775286 479.791460 
501.899709 473.293949 
493.261385 465.226765 
485.548446 456.261245 
478.371898 446.854829 
470.989070 437.610948 
463.530128 428.427039 
455.627147 419.630886 
446.590049 412.004432 
437.387599 404.568457 
427.580323 397.970552 
416.620072 393.607690 
404.871291 392.541593 
393.094405 393.610193 
381.454115 395.716110 
369.965379 398.537323 
358.658512 402.015554 
347.694087 406.439811 
337.761734 412.827199 
329.280024 421.055169 
322.003884 430.378732 
317.334236 441.143170 
317.330333 452.928466 
322.636422 463.233490 
333.610092 467.153536 
345.364409 466.368953 
356.434069 462.223968 
367.562339 458.231961 
378.957056 455.047815 
390.561179 452.783763 
402.374535 452.325300 
414.184305 452.988694 
425.871133 454.789940 
437.102653 458.441225 
447.344664 464.329764 
456.462170 471.853711 
464.453834 480.564017 
470.868507 490.491721 
476.203443 501.050488 
481.286589 511.734441 
486.121713 522.532456 
490.578080 533.491897 
494.514857 544.647734 
497.827618 556.004847 
500.471425 567.535146 
502.458996 579.197633 
504.073848 590.918232 
505.415707 602.673294 
506.580100 614.447376 
507.628725 626.232367 
508.590348 638.024787 
509.479421 649.822904 
510.293268 661.626433 
510.976325 673.438215 
511.531607 685.256718 
511.989376 697.079421 
512.383181 708.904443 
512.752768 720.730254 
513.148232 732.555224 
513.524280 744.380810 
513.762224 756.209868 
513.761159 768.041195 
513.484786 779.869315 
512.995195 791.690664 
512.357853 803.505012 
511.600536 815.312290 
510.729119 827.111693 
509.705713 838.898747 
508.360269 850.653196 
506.744686 862.373801 
505.006823 874.077050 
504.669525 876.485596 
