655.983276 553.126221 
644.776399 550.056415 
635.371692 542.890833 
626.332860 535.256492 
617.316058 527.596036 
608.120155 520.152152 
598.772888 512.902788 
588.532253 506.998928 
577.704925 502.234209 
566.658663 497.997051 
555.478576 494.129029 
544.052056 491.065070 
532.666005 487.861211 
521.752674 483.307301 
511.390009 477.610637 
501.801082 470.694448 
493.125183 462.655531 
484.908838 454.142597 
477.182794 445.189494 
469.686622 436.036711 
462.376317 426.734011 
454.708595 417.728204 
445.916293 409.831211 
436.554540 402.597455 
426.413280 396.541467 
415.113618 393.158085 
403.313025 392.632424 
391.528339 393.648791 
379.828321 395.400601 
368.214214 397.654809 
356.698080 400.365029 
345.348475 403.696990 
334.532203 408.449712 
325.274825 415.741276 
318.772365 425.561530 
316.185030 437.060084 
316.647950 448.848706 
323.102861 458.350359 
334.294434 461.736693 
345.902748 459.615146 
357.435739 456.977619 
368.945884 454.238641 
380.535042 451.862744 
392.163724 449.683134 
403.939426 448.722650 
415.698676 449.941865 
427.192218 452.707037 
438.037156 457.388637 
447.834150 464.001077 
456.653707 471.877500 
464.467635 480.750926 
470.936410 490.646495 
476.330454 501.174191 
481.230817 511.942581 
485.674049 522.907249 
489.676995 534.040338 
493.235828 545.323173 
496.462498 556.706027 
499.247196 568.203783 
501.372337 579.841428 
502.922854 591.569992 
503.986772 603.353154 
504.786518 615.157571 
505.469148 626.969432 
506.130104 638.782539 
506.857740 650.591681 
507.752679 662.389234 
508.799969 674.174335 
509.916189 685.953145 
511.019148 697.733196 
512.014308 709.522763 
512.789332 721.328670 
513.349632 733.146891 
513.720795 744.972490 
513.859375 756.803057 
513.765286 768.634105 
513.464672 780.461710 
512.966378 792.282698 
512.322626 804.096700 
511.559608 815.903612 
510.682261 827.702574 
509.646380 839.488507 
508.284678 851.241093 
506.658843 862.960288 
504.922058 874.663693 
504.669525 876.485596 
