668.424011 553.971313 
657.042738 556.271730 
646.815672 550.497390 
637.553109 543.136782 
628.205232 535.884680 
618.865268 528.621747 
609.583607 521.284604 
600.550073 513.644198 
590.927312 506.782758 
580.370264 501.457719 
569.340729 497.181089 
558.064035 493.608598 
546.656636 490.469107 
535.295380 487.169105 
524.171857 483.143949 
513.372187 478.324686 
503.370774 472.028752 
494.523765 464.184871 
486.324860 455.655602 
478.467927 446.815183 
471.013242 437.628711 
463.727059 428.308373 
456.202335 419.182719 
447.561041 411.121300 
438.223889 403.854710 
428.562203 397.033344 
418.040037 391.660533 
406.588810 388.820350 
394.775502 388.850447 
383.053396 390.428451 
371.468339 392.823547 
360.017303 395.796155 
348.715644 399.293510 
337.707447 403.610428 
328.043608 410.335044 
321.452157 420.104588 
317.353393 431.165881 
316.010657 442.897636 
319.251726 453.978080 
329.941613 458.531211 
341.704638 458.190681 
353.169100 455.280429 
364.546970 452.040664 
375.768422 448.299003 
387.416928 446.286686 
399.196739 445.214994 
411.007735 445.599741 
422.461535 448.467894 
433.321025 453.149020 
443.684222 458.850253 
453.211617 465.825927 
460.406281 475.186579 
466.947548 485.045065 
473.023638 495.195378 
478.435328 505.714072 
483.205914 516.540234 
487.525245 527.554301 
491.331451 538.755588 
494.470094 550.161142 
496.829855 561.752639 
498.545505 573.458492 
500.031919 585.196318 
501.420422 596.946046 
502.676150 608.710772 
503.857106 620.483261 
504.993578 632.260134 
506.104162 644.039479 
507.205661 655.819679 
508.307778 667.599820 
509.395174 679.381328 
510.447255 691.166036 
511.440686 702.955823 
512.347185 714.752593 
513.149948 726.556892 
513.890095 738.365281 
514.512998 750.180373 
514.946467 762.003846 
515.142159 773.833597 
515.108459 785.664994 
514.891850 797.494496 
514.508996 809.319791 
513.953618 821.138217 
513.181733 832.944325 
512.022728 844.718412 
510.546571 856.457350 
508.901191 868.173935 
507.891815 875.489441 
