680.774536 552.950623 
669.188875 555.291773 
658.363118 551.385883 
648.665618 544.619905 
638.807934 538.078081 
629.189008 531.189333 
619.660276 524.175812 
610.126559 517.169072 
600.865110 509.809975 
591.314306 502.846892 
580.651848 497.752942 
569.468787 493.894931 
558.166032 490.397347 
546.920271 486.723073 
535.748994 482.825779 
524.640771 478.754202 
513.822394 473.972299 
503.562995 468.101153 
494.517745 460.502018 
486.726409 451.602687 
479.086920 442.568725 
471.389685 433.583286 
463.669540 424.617560 
456.338268 415.336723 
448.892581 406.152266 
439.688626 398.770156 
429.461868 392.828940 
418.512292 388.388604 
406.903834 386.215538 
395.083064 386.246817 
383.316005 387.460020 
371.633260 389.323847 
360.050299 391.731314 
348.619127 394.774863 
337.600838 399.045226 
327.972967 405.843321 
320.977499 415.328842 
316.907703 426.380361 
316.736813 438.169355 
320.902587 449.050221 
331.516902 453.776753 
343.296477 453.794112 
354.581038 450.281487 
365.869388 446.759578 
377.304075 443.722824 
388.994012 442.024526 
400.808837 442.474138 
412.513182 444.173570 
423.978981 447.067354 
435.046058 451.237389 
445.655736 456.462959 
455.524173 462.965744 
463.471219 471.669522 
469.354998 481.928650 
474.923245 492.366856 
479.868201 503.113765 
484.294496 514.085463 
488.388718 525.185643 
492.084140 536.424418 
495.244800 547.824725 
497.923876 559.348354 
500.148111 570.968203 
501.956169 582.660370 
503.452795 594.396598 
504.690602 606.163119 
505.779012 617.944494 
506.787716 629.732992 
507.764764 641.524165 
508.750273 653.314632 
509.760435 665.103015 
510.764574 676.891911 
511.730338 688.684004 
512.623162 700.481823 
513.396736 712.288013 
513.979757 724.105049 
514.349352 735.930706 
514.503168 747.761126 
514.445342 759.592432 
514.209742 771.421592 
513.815021 783.246449 
513.195606 795.061627 
512.361676 806.863653 
511.360030 818.652697 
510.217487 830.428852 
508.892992 842.186003 
507.468392 853.931491 
505.992165 865.670617 
504.514623 877.409572 
504.406769 878.303772 
