692.759705 552.405579 
681.454120 555.728848 
670.124046 552.802119 
659.605611 547.387193 
648.821192 542.543655 
638.144242 537.499227 
628.567441 530.563183 
619.385419 523.101685 
610.130109 515.732094 
600.840450 508.405881 
591.206576 501.555220 
580.500200 496.560457 
569.203634 493.052090 
557.780258 489.971177 
546.446562 486.580990 
535.215741 482.858841 
524.115701 478.769107 
513.578230 473.420282 
504.221382 466.202365 
495.537640 458.167094 
487.312092 449.664892 
479.504398 440.776423 
472.221292 431.453570 
465.004452 422.078533 
457.478737 412.949707 
449.880678 403.887766 
440.591879 396.618717 
430.136779 391.087972 
419.128542 386.777442 
407.573746 384.308570 
395.759576 383.990515 
383.977721 385.040083 
372.293394 386.889766 
360.744356 389.450754 
349.434722 392.910042 
338.804951 398.056344 
329.533683 405.371702 
321.967873 414.441321 
317.119226 425.143617 
317.887772 436.844996 
323.862194 446.877084 
334.393724 452.055226 
346.111798 453.058673 
357.486512 449.882396 
368.708971 446.150585 
380.172614 443.225944 
391.913219 441.938365 
403.742258 442.050606 
415.499755 443.297610 
426.874155 446.485647 
437.628233 451.403980 
447.840707 457.369693 
457.277971 464.484575 
464.729189 473.624646 
470.471219 483.967826 
475.945469 494.454734 
480.772857 505.255190 
485.123315 516.257362 
489.150882 527.381818 
492.751305 538.651284 
495.802991 550.081378 
498.397882 561.624179 
500.532690 573.260830 
502.272876 584.963352 
503.712333 596.706721 
504.913709 608.477045 
505.981721 620.260295 
506.980925 632.049605 
507.956425 643.840907 
508.947631 655.630895 
509.959180 667.419159 
510.958417 679.208471 
511.912792 691.001488 
512.786433 702.800738 
513.528755 714.608918 
514.068869 726.427997 
514.396841 738.254876 
514.507822 750.085777 
514.411449 761.916841 
514.147162 773.745405 
513.711434 785.568793 
513.047670 797.381566 
512.176056 809.180882 
511.148950 820.967747 
509.968819 832.740165 
508.618869 844.494435 
507.181164 856.238330 
505.699370 867.976755 
504.406769 878.303772 
