697.014709 550.354065 
685.496922 552.819965 
674.024578 550.168234 
663.025253 545.811602 
652.004875 541.507780 
641.085278 536.963181 
630.898685 530.971519 
621.558190 523.713545 
612.432237 516.183550 
603.147712 508.850335 
593.921632 501.444838 
583.965259 495.075626 
573.144356 490.309561 
561.965160 486.438526 
550.681477 482.879898 
539.369280 479.416153 
527.900196 476.510957 
516.612486 472.996946 
506.400471 467.085934 
497.531224 459.264672 
489.135892 450.932323 
481.428019 441.957258 
474.025153 432.728956 
466.771519 423.381839 
459.277462 414.226806 
452.025932 404.879985 
443.279746 396.966073 
433.104885 390.934368 
422.463012 385.775925 
411.241872 382.062471 
399.545327 380.408458 
387.723219 380.687866 
375.965105 381.983902 
364.312110 384.021438 
352.820974 386.827919 
341.677035 390.774339 
331.728999 397.104976 
323.922171 405.951666 
318.346036 416.364644 
315.892820 427.848516 
318.338456 439.347119 
326.601986 447.218481 
338.353780 448.069893 
350.109870 446.867905 
361.570846 443.937923 
373.111071 441.344313 
384.708235 439.001480 
396.431793 437.473223 
408.214581 438.238313 
419.677853 441.123228 
430.678851 445.462077 
441.163592 450.932964 
450.984524 457.518793 
459.684292 465.508465 
466.344035 475.262601 
471.785155 485.767949 
477.086926 496.344118 
481.712422 507.231467 
485.712607 518.365547 
489.321054 529.632728 
492.447157 541.042739 
494.986917 552.597158 
496.996434 564.256178 
498.712624 575.962536 
500.361249 587.678697 
502.020794 599.393315 
503.646456 611.112676 
505.210105 622.840462 
506.687646 634.579392 
508.053410 646.331828 
509.284539 658.099125 
510.405150 669.877492 
511.445607 681.663223 
512.422442 693.454402 
513.345412 705.249923 
514.219075 717.049200 
515.064458 728.850543 
515.913354 740.651630 
516.663039 752.459339 
517.169351 764.279745 
517.310353 776.109924 
517.035117 787.937759 
516.423213 799.753240 
515.584576 811.554957 
514.619543 823.347099 
513.580535 835.132882 
512.337387 846.898859 
510.956644 858.649567 
509.515725 870.393081 
508.971069 874.958130 
