705.065613 552.914612 
693.236129 553.089044 
681.663797 551.059299 
670.790371 546.437389 
659.190617 544.128376 
647.821072 540.921221 
637.465397 535.242806 
627.900984 528.281629 
618.612417 520.953210 
609.283919 513.676175 
599.973537 506.377522 
590.636969 499.116218 
580.353757 493.294323 
569.361450 488.928028 
558.128542 485.213853 
546.842591 481.662340 
535.473638 478.394836 
524.008141 475.476190 
512.968334 471.285308 
503.273657 464.548513 
494.607586 456.494835 
486.463083 447.919872 
478.860062 438.854831 
471.567216 429.538635 
464.240543 420.249195 
456.835125 411.024621 
449.294304 401.921782 
439.875746 394.814504 
429.542555 389.056032 
418.709385 384.317392 
407.299770 381.240938 
395.518625 380.359664 
383.716034 381.125203 
372.002142 382.776535 
360.405711 385.115657 
348.984656 388.195107 
337.978474 392.500322 
328.177718 399.072729 
320.366938 407.917465 
315.203639 418.508373 
314.900519 430.246122 
319.002979 441.260330 
328.941249 447.005976 
340.746695 447.291582 
352.323277 444.991842 
363.625181 441.492853 
375.204284 439.105462 
386.937225 437.596236 
398.754773 437.259553 
410.473580 438.802164 
421.870301 441.951047 
432.802055 446.459712 
443.170611 452.147683 
452.825825 458.972327 
461.185528 467.310263 
467.524374 477.282738 
472.840536 487.852205 
477.608485 498.676187 
481.593038 509.815698 
485.343165 521.037172 
488.881179 532.327025 
492.029448 543.731137 
494.637162 555.270777 
496.769198 566.907947 
498.526068 578.608072 
500.079404 590.337171 
501.433206 602.090905 
502.646685 613.860069 
503.808836 625.634439 
504.979599 637.407952 
506.210544 649.175304 
507.549161 660.930872 
508.970889 672.676717 
510.417254 684.419563 
511.838815 696.165429 
513.181886 707.920494 
514.371324 719.691994 
515.364520 731.481747 
516.200895 743.283618 
516.827630 755.098400 
517.203796 766.923770 
517.318954 778.754542 
517.131270 790.584319 
516.676125 802.406959 
516.020833 814.220285 
515.229907 826.025366 
514.256108 837.816525 
513.053894 849.586776 
511.727883 861.343795 
510.373066 873.097541 
510.255096 874.187439 
