715.521179 555.356689 
703.691771 555.481983 
692.038688 553.653850 
680.861500 549.777437 
669.473958 546.599749 
657.901886 544.139080 
646.679154 540.439323 
636.411576 534.594145 
626.904290 527.555233 
617.663896 520.166067 
608.295739 512.941330 
598.824184 505.851279 
589.184580 498.996973 
578.795327 493.354520 
567.847616 488.874546 
556.683812 484.957312 
545.456429 481.224748 
534.075307 478.001825 
522.617187 475.056361 
511.692044 470.588834 
502.180819 463.589064 
493.558667 455.487551 
485.515325 446.816879 
477.945316 437.724310 
470.679530 428.386754 
463.312184 419.129820 
455.962377 409.861326 
448.247542 400.912360 
438.627206 394.069550 
428.258266 388.376762 
417.348408 383.821171 
405.867380 381.024323 
394.070121 380.304681 
382.255853 380.893837 
370.499043 382.209583 
358.827753 384.142074 
347.299886 386.793921 
336.153530 390.716345 
326.487091 397.440819 
319.579154 406.989564 
315.265883 417.985374 
314.774364 429.726086 
318.671103 440.814601 
328.424923 446.867478 
340.221455 447.319063 
351.819182 445.141193 
363.119422 441.636442 
374.684673 439.186527 
386.413521 437.644480 
398.229277 437.236197 
409.958226 438.697150 
421.372854 441.780217 
432.329267 446.228845 
442.761575 451.800276 
452.473044 458.541969 
460.710120 466.990430 
466.583970 477.239323 
471.407344 488.042842 
476.112489 498.897277 
480.332753 509.950062 
484.385757 521.065761 
488.440631 532.180534 
491.935601 543.481332 
494.481917 555.032356 
496.275652 566.726124 
497.749741 578.465468 
499.225534 590.204630 
500.700206 601.943944 
502.125850 613.689317 
503.513011 625.439299 
504.865287 637.193348 
506.182374 648.951390 
507.467726 660.712948 
508.728616 672.477152 
509.957681 684.244721 
511.145048 696.016568 
512.277686 707.793801 
513.341692 719.577432 
514.403445 731.361278 
515.442617 743.147122 
516.359117 754.943047 
517.037545 766.754852 
517.351767 778.581634 
517.242335 790.412166 
516.782393 802.234491 
516.076056 814.044850 
515.244847 825.847187 
514.272974 837.638527 
513.073236 849.409030 
511.748514 861.166194 
510.392697 872.919827 
510.255096 874.187439 
