729.268372 562.882385 
717.459068 562.177648 
706.153652 559.039871 
695.763616 553.447519 
684.210799 550.994479 
672.484504 549.420682 
660.895226 547.077171 
649.845768 542.879568 
639.393000 537.346772 
629.392059 531.027330 
619.817708 524.085255 
610.829293 516.392638 
601.823794 508.720232 
592.195963 501.857698 
581.811702 496.196818 
570.996643 491.403534 
560.000097 487.037868 
548.895416 482.959960 
537.603226 479.429381 
526.290107 475.965615 
515.106404 472.109761 
504.485607 466.941421 
495.627365 459.173005 
488.337873 449.855500 
480.442672 441.044072 
472.629247 432.159468 
464.768514 423.316860 
456.832782 414.542259 
449.084064 405.602335 
440.313393 397.689616 
430.254107 391.472797 
419.652638 386.230352 
408.512426 382.272397 
396.884191 380.182113 
385.061492 380.053299 
373.290024 381.203933 
361.661973 383.369966 
350.290790 386.617940 
339.377831 391.171154 
329.137379 397.077968 
320.135002 404.714852 
314.241306 414.870698 
312.125836 426.475775 
313.571576 438.136316 
322.574344 445.126174 
334.305684 446.421262 
346.053115 445.277186 
357.520995 442.373430 
368.990190 439.474695 
380.677230 437.649296 
392.437756 436.390502 
404.236563 436.935318 
415.763578 439.570304 
426.996603 443.274885 
437.830635 448.015584 
447.858072 454.260898 
456.022626 462.778325 
462.371742 472.751670 
467.952428 483.184144 
473.395474 493.686872 
478.018573 504.575617 
482.259778 515.620880 
486.483781 526.672646 
490.309742 537.866833 
493.171313 549.340515 
494.764398 561.061284 
496.100087 572.816725 
497.816570 584.523027 
499.574402 596.223290 
501.219402 607.939869 
502.742818 619.672950 
504.196046 631.414931 
505.576425 643.165698 
506.888429 654.924300 
508.152848 666.688123 
509.379206 678.455974 
510.565327 690.227948 
511.705088 702.004499 
512.799410 713.785364 
513.919345 725.563823 
515.024533 737.343667 
516.034861 749.131968 
516.849996 760.935203 
517.322362 772.756785 
517.402872 784.587455 
517.014613 796.411889 
516.241994 808.217959 
515.242985 820.007018 
513.981574 831.771042 
512.585058 843.519888 
511.117840 855.260138 
509.625891 866.997279 
508.897339 872.902222 
