739.659058 564.573792 
727.837760 564.436930 
716.626989 560.875178 
705.877199 555.947966 
694.493858 552.762816 
682.888884 550.459336 
671.315918 548.003683 
659.989510 544.607507 
649.053724 540.100553 
638.548907 534.664035 
628.463086 528.482487 
619.022060 521.358244 
609.921702 513.797254 
600.604908 506.507983 
590.582979 500.235158 
579.935465 495.084479 
568.980446 490.617027 
557.977054 486.268469 
546.939051 482.010498 
535.792680 478.042685 
524.659778 474.037493 
513.675491 469.645102 
503.232783 464.109854 
494.215176 456.500118 
486.402362 447.615549 
478.786846 438.563645 
471.530622 429.218499 
464.160649 419.963587 
456.539518 410.913773 
448.787466 401.979474 
439.836885 394.271107 
429.915669 387.828412 
419.369572 382.490381 
408.012494 379.259312 
396.219911 378.535487 
384.420091 379.347758 
372.711488 381.035259 
361.133128 383.459978 
349.788293 386.800456 
338.946762 391.515023 
328.947848 397.813869 
320.560673 406.104748 
316.275905 417.009808 
316.402496 428.795574 
320.906231 439.571471 
330.982068 445.428219 
342.719480 446.048076 
354.246843 443.416730 
365.656176 440.285392 
377.281240 438.130723 
389.031722 436.758922 
400.850537 436.661421 
412.528585 438.503621 
423.997387 441.399824 
435.159465 445.306505 
445.643362 450.753318 
454.433738 458.615338 
461.320053 468.222163 
467.231611 478.469834 
472.986394 488.806820 
478.028193 499.507552 
482.492091 510.464172 
486.740954 521.506261 
490.562847 532.702291 
493.734110 544.098760 
495.996245 555.709178 
497.760230 567.408455 
499.667319 579.085241 
501.484511 590.776264 
503.139005 602.491574 
504.742485 614.213993 
506.302495 625.942275 
507.812544 637.677091 
509.270790 649.418462 
510.736264 661.158938 
512.185037 672.901481 
513.568346 684.651894 
514.835696 696.415333 
515.924807 708.196533 
516.863733 719.990766 
517.680160 731.794078 
518.328147 743.607772 
518.748068 755.431661 
518.854917 767.262292 
518.553173 779.089361 
517.836887 790.898759 
516.836711 802.687872 
515.741052 814.468613 
514.519617 826.236866 
513.168338 837.991006 
511.750160 849.737281 
510.297721 861.479376 
508.897339 872.902222 
