749.636841 566.641846 
737.834781 567.405054 
726.419269 564.758257 
716.146428 558.893511 
705.075854 554.784233 
693.513066 552.285583 
681.884558 550.102950 
670.308050 547.664397 
658.977844 544.279609 
648.048033 539.761346 
637.616454 534.186756 
627.599012 527.894635 
618.213303 520.696366 
609.115092 513.132762 
599.753837 505.901467 
589.662254 499.740758 
578.976072 494.670099 
568.007350 490.235947 
557.008074 485.877043 
545.956800 481.653680 
534.807251 477.694742 
523.680828 473.671717 
512.721172 469.219167 
502.361528 463.532532 
493.509885 455.728868 
485.705080 446.837078 
478.139155 437.743446 
470.890804 428.392146 
463.488363 419.163422 
455.874576 410.107498 
448.057819 401.231212 
438.978784 393.674505 
429.015499 387.297415 
418.397168 382.107212 
406.979512 379.100158 
395.175768 378.516287 
383.373866 379.305018 
371.661815 380.966376 
360.104434 383.483592 
348.908509 387.272357 
338.627397 393.088514 
329.654615 400.773689 
322.507111 410.163551 
319.721296 421.539627 
321.435653 433.203717 
327.339885 443.250536 
338.529438 446.363950 
350.165365 444.349079 
361.591406 441.278422 
373.136221 438.714161 
384.866188 437.170213 
396.669316 436.473962 
408.424334 437.680575 
419.965344 440.275146 
431.259929 443.785164 
442.058053 448.594346 
451.576703 455.557465 
459.047831 464.706818 
465.186690 474.817293 
470.994932 485.125033 
476.331787 495.680769 
480.950880 506.572224 
485.268406 517.587843 
489.275443 528.719239 
492.699320 540.042818 
495.292967 551.582789 
497.142066 563.268414 
498.981069 574.955934 
500.867274 586.636082 
502.566933 598.344891 
504.250393 610.056097 
505.890755 621.773392 
507.415189 633.506282 
508.762003 645.260809 
509.930335 657.034510 
510.987712 668.818717 
511.950122 680.611065 
512.821302 692.410504 
513.595420 704.216700 
514.289696 716.027890 
514.921872 727.842548 
515.436689 739.662850 
515.765444 751.489693 
515.821435 763.320784 
515.525447 775.148205 
514.866578 786.961018 
513.920397 798.754540 
512.833084 810.536041 
511.656389 822.308864 
510.336487 834.066560 
508.941430 845.815601 
507.504626 857.559618 
506.053402 869.301864 
505.300964 875.510559 
