753.687317 570.179871 
741.914653 569.009248 
730.491946 566.101378 
720.024830 560.596439 
708.814088 556.851354 
697.312468 554.078801 
685.771178 551.474008 
674.254706 548.762447 
662.853010 545.609323 
651.664183 541.766117 
640.820741 537.047790 
630.570961 531.147170 
621.093245 524.078528 
612.162975 516.317877 
603.150531 508.653949 
593.481838 501.850800 
583.008559 496.358845 
572.099351 491.783236 
561.070031 487.500722 
550.062431 483.163511 
538.932445 479.150330 
527.784984 475.185554 
516.738258 470.950530 
506.080284 465.834263 
496.603007 458.802932 
488.652233 450.045099 
480.608412 441.368940 
472.814015 432.467913 
465.113971 423.484837 
457.503711 414.427679 
450.386003 404.976848 
442.354084 396.316091 
432.738776 389.435580 
422.400310 383.701919 
411.226152 379.875627 
399.493725 378.513965 
387.673384 378.905072 
375.922821 380.266499 
364.297742 382.453331 
352.920171 385.676289 
342.243236 390.729138 
332.756991 397.770882 
324.831598 406.526939 
320.084253 417.239812 
320.415504 429.008970 
324.480073 440.044179 
334.291994 445.994858 
346.056605 445.672504 
357.634580 443.244107 
369.196764 440.737742 
380.885396 438.908570 
392.591610 437.204295 
404.402899 437.125201 
416.043515 439.202576 
427.438142 442.373614 
438.434749 446.719063 
448.523213 452.851111 
456.671469 461.388694 
463.156358 471.276411 
468.979811 481.575438 
474.589886 491.989500 
479.413972 502.790919 
483.792436 513.782324 
487.949524 524.858914 
491.594707 536.113465 
494.513293 547.576339 
496.543301 559.230866 
498.311903 570.929428 
500.092394 582.626157 
501.948654 594.310989 
504.086678 605.947452 
506.361330 617.558322 
508.547139 629.186146 
510.498550 640.855355 
512.091816 652.578715 
513.418736 664.335508 
514.567912 676.111071 
515.582736 687.899005 
516.493815 699.695430 
517.318761 711.498191 
518.034145 723.308083 
518.636134 735.124299 
519.122314 746.945841 
519.479891 758.771953 
519.708068 770.601313 
519.869900 782.431722 
519.756429 794.262197 
519.186125 806.079256 
518.166010 817.866047 
516.774910 829.615347 
515.204246 841.342158 
513.537284 853.055707 
511.823121 864.762457 
510.268188 875.596313 
