759.258728 572.457764 
747.436221 572.006762 
735.769736 570.214307 
725.387059 564.612174 
714.523464 559.994644 
703.078211 557.002132 
691.545848 554.358431 
680.006216 551.746387 
668.517101 548.922601 
657.085800 545.871813 
645.707877 542.637595 
634.869611 537.926271 
624.975027 531.463706 
615.823785 523.966549 
606.797414 516.317583 
597.377293 509.165751 
587.268762 503.023485 
576.776568 497.558646 
566.036836 492.595973 
555.155573 487.950844 
544.003591 484.008723 
532.677662 480.587086 
521.444085 476.879721 
510.747056 471.859810 
501.047985 465.104759 
492.323601 457.119792 
484.070251 448.642985 
476.430687 439.612320 
469.220499 430.231708 
461.924373 420.918069 
454.973536 411.346329 
447.924715 401.849029 
439.229705 393.886432 
428.670848 388.601821 
417.257638 385.540691 
405.513936 384.152332 
393.690099 383.787320 
381.865312 384.135234 
370.089920 385.258457 
358.483091 387.514035 
347.491911 391.821951 
337.630311 398.331218 
328.907432 406.310277 
321.539215 415.542052 
317.718978 426.631196 
320.054995 438.027950 
328.997689 445.572173 
340.274312 448.901550 
351.798456 446.675385 
362.903861 442.600892 
374.525990 440.534848 
386.341313 439.959127 
398.164934 440.281817 
409.889906 441.812584 
421.370016 444.657975 
432.553710 448.507255 
443.253724 453.536457 
452.648520 460.648796 
459.362634 470.353641 
465.042398 480.730991 
471.275782 490.787232 
477.053562 501.108922 
481.818734 511.932260 
485.618164 523.135301 
488.997114 534.474000 
492.299947 545.835165 
495.355722 557.264881 
497.983480 568.799976 
500.027955 580.452224 
501.693924 592.165876 
503.326883 603.884216 
504.892401 615.611763 
506.429581 627.343066 
507.966984 639.074339 
509.539251 650.800963 
511.242481 662.509269 
512.984969 674.211835 
514.644157 685.926434 
516.099580 697.667905 
517.211904 709.446489 
517.942271 721.255133 
518.394239 733.077898 
518.662329 744.906379 
518.838413 756.736646 
519.036023 768.566542 
519.346251 780.394048 
519.519578 792.223996 
519.235327 804.051104 
518.393767 815.851642 
517.079678 827.609646 
515.534517 839.339811 
513.867645 851.053362 
512.137317 862.757732 
510.423522 874.464503 
510.268188 875.596313 
