759.174500 577.841064 
747.411889 576.664658 
736.237483 572.870417 
725.516743 567.866218 
714.424163 563.774333 
702.879419 561.212376 
691.194800 559.355061 
679.512250 557.484939 
667.953398 554.978516 
656.695589 551.348376 
645.806074 546.734347 
635.413407 541.086872 
625.666704 534.397047 
616.640960 526.748879 
607.610523 519.106089 
597.954953 512.281191 
587.641857 506.486763 
577.031200 501.254348 
566.226560 496.434270 
555.275228 491.957177 
544.033119 488.290580 
532.522151 485.557798 
521.093851 482.512690 
510.349901 477.611551 
500.617713 470.899694 
491.665996 463.167567 
483.216482 454.890979 
475.783151 445.691259 
468.446446 436.412082 
460.789389 427.392574 
452.716826 418.751645 
443.543216 411.289911 
433.937103 404.385163 
423.783443 398.324295 
412.833452 393.889979 
401.260162 391.475185 
389.479233 390.443652 
377.656664 390.702635 
365.968190 392.468040 
354.714184 396.084204 
343.987806 401.064999 
333.825142 407.113069 
324.680929 414.580932 
318.667374 424.664682 
317.167653 436.335585 
320.264085 447.673322 
327.861151 456.536229 
339.383495 458.013820 
351.023858 455.905102 
362.618813 453.568391 
374.033696 450.457066 
385.511906 447.594899 
397.225601 446.034539 
409.005083 446.930555 
420.520626 449.614339 
431.672396 453.552225 
442.306856 458.714465 
451.454060 466.158408 
458.969061 475.291514 
465.947829 484.841756 
472.198855 494.884942 
477.837272 505.284591 
482.627603 516.098059 
486.530345 527.265764 
490.091299 538.548639 
493.370481 549.916316 
496.318060 561.374377 
498.817614 572.937670 
500.663575 584.623176 
502.283785 596.343287 
503.942934 608.057961 
505.563174 619.778071 
507.115494 631.507357 
508.572871 643.248798 
509.928097 655.002494 
511.226714 666.762584 
512.459075 678.529793 
513.604625 690.305756 
514.633916 702.092420 
515.504331 713.891834 
516.208260 725.702380 
516.777914 737.520198 
517.254329 749.342171 
517.688812 761.165774 
518.253868 772.983722 
518.860978 784.799656 
519.171750 796.626451 
518.929183 808.454157 
518.026419 820.249745 
516.651886 832.000874 
515.045363 843.722781 
513.309374 855.426284 
511.517071 867.121327 
510.268188 875.596313 
