766.005005 583.887329 
754.236724 584.924927 
742.963273 581.676021 
732.790666 575.637859 
722.317233 570.155447 
710.998542 566.779402 
699.318734 564.904355 
687.587914 563.363862 
675.936263 561.327441 
664.466012 558.427815 
653.144348 555.000854 
642.222214 550.469587 
631.998365 544.537354 
622.569533 537.395013 
613.434824 529.875543 
604.099353 522.609890 
594.256983 516.045810 
584.203774 509.808767 
573.807886 504.165401 
562.942573 499.497774 
551.519846 496.449285 
539.886717 494.293177 
528.329395 491.779664 
517.362144 487.400835 
507.363338 481.098291 
498.283366 473.520374 
490.068612 465.024458 
483.129491 455.444397 
475.845351 446.132333 
467.476618 437.773017 
458.695615 429.843655 
450.101741 421.718649 
442.224500 412.891029 
433.585382 404.831844 
423.152139 399.361369 
411.672321 396.543476 
399.926493 395.165715 
388.101365 394.947565 
376.317543 395.939628 
364.750902 398.393212 
353.501996 402.047908 
342.608471 406.655774 
332.229332 412.320994 
323.238774 419.931585 
317.649020 430.292231 
314.893716 441.785330 
314.363658 453.546273 
320.296434 463.381616 
331.596252 466.343252 
343.383722 465.488365 
354.893512 462.777444 
366.235862 459.410730 
377.614220 456.169607 
389.179694 453.700729 
400.973956 452.885593 
412.788364 453.413961 
424.474130 455.223881 
435.795528 458.610643 
445.879188 464.708076 
454.208776 473.095786 
461.994360 482.003309 
469.122507 491.443311 
475.560814 501.366713 
481.046447 511.841380 
485.200652 522.914260 
488.744761 534.202486 
492.147452 545.533815 
495.227345 556.957090 
497.926211 568.475951 
500.018462 580.119185 
501.652906 591.837261 
503.307378 603.552591 
504.946742 615.270045 
506.528097 626.995457 
508.025743 638.731839 
509.414485 650.481598 
510.734171 662.239345 
511.994180 674.003630 
513.175894 685.776025 
514.254379 697.558303 
515.190778 709.352678 
515.955389 721.159436 
516.572127 732.974877 
517.079172 744.795565 
517.521661 756.618867 
518.014154 768.440063 
518.644264 780.254850 
519.106869 792.076985 
519.097728 803.907389 
518.450722 815.719641 
517.216159 827.486027 
515.682689 839.217658 
513.987824 850.927168 
512.207199 862.623987 
510.444091 874.323413 
510.268188 875.596313 
