783.932007 591.301270 
772.217972 592.891048 
760.626632 590.923990 
749.926476 585.890304 
739.364880 580.559329 
728.401640 576.129385 
717.027757 572.878731 
705.517175 570.142888 
693.967942 567.573564 
682.442517 564.900525 
670.908626 562.271229 
659.289646 560.040083 
647.941842 556.736870 
637.459126 551.299933 
628.157898 544.000197 
619.435307 536.007118 
610.712591 528.014193 
601.395050 520.736175 
591.155425 514.821181 
580.366716 509.972998 
569.299266 505.791482 
558.144633 501.850402 
546.741041 498.702380 
535.296420 495.702851 
524.127856 491.824932 
513.773573 486.125911 
504.326808 479.014327 
495.594451 471.034354 
487.873780 462.087783 
481.010079 452.450932 
473.340068 443.454890 
464.876027 435.190111 
456.021114 427.344018 
447.433333 419.216304 
438.819903 411.124674 
428.363643 405.713151 
416.800813 403.269758 
405.028465 402.116557 
393.204248 401.751305 
381.380240 402.111549 
369.627603 403.434315 
358.071317 405.947452 
346.866510 409.725103 
336.342340 415.097204 
327.604741 422.994241 
321.521625 433.108779 
317.771116 444.306338 
317.897955 456.053815 
323.421758 466.290426 
334.532744 469.452245 
346.283105 468.182371 
357.771489 465.363681 
369.170072 462.192188 
380.628631 459.248103 
392.274588 457.202170 
404.079317 456.456642 
415.901135 456.790440 
427.591206 458.549573 
438.747427 462.411592 
448.678837 468.798747 
457.423750 476.759336 
465.039836 485.798120 
471.652195 495.607150 
477.981812 505.603181 
484.378163 515.556389 
490.040961 525.936593 
494.182684 537.008179 
497.125513 548.466582 
499.858412 559.978132 
502.407947 571.531649 
504.808185 583.117148 
507.106604 594.723325 
509.482371 606.313920 
511.707995 617.933940 
513.529697 629.623635 
514.866470 641.378701 
515.841721 653.169788 
516.616631 664.975891 
517.272486 676.789255 
517.859417 688.606265 
518.420328 700.424546 
518.986213 712.242591 
519.517321 724.062233 
519.946092 735.885978 
520.196105 747.714756 
520.192322 759.546063 
519.922052 771.374330 
519.387145 783.193581 
518.616584 794.999906 
517.687749 806.794927 
516.618826 818.577995 
515.400432 830.346642 
514.104806 842.107062 
512.765340 853.862578 
511.405223 865.615726 
510.268188 875.596313 
