791.827698 596.652466 
780.003944 597.053526 
768.240936 596.023169 
757.326348 591.580308 
747.096978 585.636175 
736.306559 580.818407 
724.874861 577.797630 
713.248031 575.609442 
701.586460 573.610950 
689.964280 571.398371 
678.499819 568.485928 
667.178532 565.050587 
656.068183 560.991211 
645.371876 555.944898 
635.276295 549.790474 
625.905180 542.572009 
616.855857 534.950159 
607.745876 527.401618 
598.112240 520.544236 
587.820293 514.716163 
577.047206 509.831819 
566.048633 505.471389 
554.842305 501.686247 
543.470634 498.419862 
532.157895 494.958480 
521.232772 490.445449 
511.123569 484.317217 
501.896865 476.920552 
493.347595 468.745925 
485.998763 459.485637 
479.062172 449.902963 
471.135561 441.125642 
462.636107 432.897514 
453.589337 425.276163 
444.496687 417.706716 
434.480631 411.473191 
423.136553 408.206740 
411.410708 406.656482 
399.602380 405.943381 
387.772725 405.944977 
375.984472 406.893625 
364.393487 409.230564 
353.172088 412.958527 
342.522769 418.092783 
333.000712 425.072777 
325.402392 434.103660 
320.641910 444.874368 
319.751998 456.622992 
324.023722 467.415001 
334.390533 472.683960 
346.163600 472.561206 
357.459927 469.083583 
368.528301 464.903257 
379.806881 461.346152 
391.494046 459.627233 
403.320954 459.465246 
415.126531 460.211273 
426.843356 461.831943 
438.306389 464.713626 
448.806465 470.086382 
457.760810 477.797177 
465.822530 486.446896 
472.416705 496.260673 
478.499076 506.408585 
484.823826 516.407566 
490.434372 526.815593 
494.451368 537.933079 
497.350772 549.402999 
500.125013 560.904727 
502.763111 572.438286 
505.131701 584.029961 
507.112647 595.693934 
508.748370 607.411561 
510.099373 619.165549 
511.253243 630.940656 
512.283141 642.727281 
513.205637 654.522819 
514.047019 666.324431 
514.817856 678.130863 
515.516266 689.941796 
516.138519 701.756994 
516.752046 713.572660 
517.304686 725.391286 
517.682546 737.216642 
517.754399 749.047516 
517.370973 760.871947 
516.451732 772.666827 
515.118379 784.422758 
513.655994 796.163616 
512.271662 807.913904 
510.874392 819.662682 
509.437278 831.406660 
507.978429 843.147961 
506.507032 854.887696 
505.030475 866.626784 
503.837494 876.170532 
