791.591553 597.514404 
779.804309 598.523956 
768.008420 598.057815 
756.994661 593.903399 
746.834312 587.842056 
736.216320 582.650891 
724.893291 579.248154 
713.332038 576.737377 
701.715747 574.490700 
690.117457 572.154045 
678.623168 569.354259 
667.148355 566.470951 
655.761430 563.266327 
644.783394 558.878474 
634.633928 552.828527 
625.480117 545.339677 
616.779992 537.321771 
608.022647 529.367196 
598.578200 522.258281 
588.265081 516.474647 
577.352476 511.912856 
566.253573 507.814166 
554.952902 504.317222 
543.542871 501.187187 
532.214722 497.777456 
521.283968 493.277734 
511.141590 487.202768 
501.801076 479.948172 
492.989243 472.054712 
485.055546 463.287343 
477.705599 454.015830 
470.167815 444.896731 
462.399961 435.980589 
453.834556 427.819581 
445.280518 419.648144 
435.760020 412.656195 
424.751670 408.455872 
413.013442 407.078349 
401.185445 407.105026 
389.386498 407.962041 
377.647235 409.426684 
366.072647 411.853492 
354.815693 415.478798 
344.019442 420.303329 
333.930146 426.463700 
325.441065 434.642117 
320.433921 445.279202 
318.687862 456.961332 
319.635012 468.707556 
327.339891 477.081510 
339.022258 478.335589 
350.643790 476.294735 
361.757858 472.245957 
372.772836 467.927223 
384.017723 464.264637 
395.690251 462.452528 
407.515606 462.361481 
419.293042 463.448775 
430.917761 465.626490 
442.092596 469.441444 
452.011703 475.843837 
460.826285 483.731342 
468.309090 492.868549 
474.787781 502.767973 
481.797690 512.298169 
487.504713 522.642220 
491.943483 533.607435 
495.781814 544.797937 
499.085338 556.157826 
501.885720 567.652475 
504.282864 579.238196 
506.348899 590.887666 
508.113151 602.586622 
509.573002 614.327517 
510.796429 626.095554 
511.874361 637.877890 
512.836934 649.670215 
513.709632 661.469549 
514.509180 673.274070 
515.238333 685.083148 
515.888707 696.896818 
516.466629 708.714271 
516.976167 720.534851 
517.373781 732.359689 
517.610126 744.188792 
517.632416 756.020163 
517.438190 767.849996 
517.008048 779.673539 
516.336729 791.485899 
515.483297 803.286590 
514.470388 815.074594 
513.304004 826.848508 
512.059469 838.614444 
510.769949 850.375543 
509.456670 862.134016 
508.152507 873.893498 
507.987915 875.432007 
