791.284546 599.751526 
779.529320 601.063576 
767.818074 599.835232 
757.111636 594.858357 
746.858815 588.954219 
736.173279 583.895868 
724.832130 580.559243 
713.227774 578.257712 
701.571661 576.227665 
689.966227 573.930892 
678.530615 570.902151 
667.178053 567.570616 
655.978896 563.759861 
645.122597 559.067403 
634.910712 553.114502 
625.606490 545.813490 
616.751690 537.966726 
607.801633 530.230432 
598.061492 523.535892 
587.429288 518.370023 
576.291435 514.381404 
565.106760 510.524901 
553.755882 507.188128 
542.390569 503.899946 
531.173869 500.142737 
520.479067 495.113120 
510.704134 488.464449 
501.720854 480.768732 
492.975077 472.800316 
484.706139 464.342057 
476.850989 455.494469 
469.466126 446.258306 
461.423633 437.604604 
452.893409 429.405890 
443.992173 421.617780 
434.068981 415.213460 
422.870354 411.483665 
411.161809 409.847801 
399.337857 409.570970 
387.532405 410.307315 
375.868134 412.253355 
364.449415 415.337767 
353.325548 419.358954 
342.573087 424.288367 
332.379623 430.276467 
323.684274 438.236981 
318.513429 448.799194 
316.607581 460.447559 
318.651009 471.962994 
327.450206 479.535806 
339.034310 481.505350 
350.607717 479.295731 
361.681858 475.136526 
372.676427 470.766204 
383.921794 467.108950 
395.612994 465.401297 
407.438216 465.313532 
419.215998 466.400153 
430.865395 468.450638 
442.173646 471.882668 
452.594173 477.440954 
461.486317 485.189551 
468.385444 494.788936 
474.777256 504.744931 
480.892853 514.869221 
486.293569 525.395641 
491.541253 535.999336 
496.177448 546.880992 
499.590598 558.201488 
501.843203 569.814038 
503.552940 581.521190 
505.216158 593.235259 
506.830641 604.956088 
508.259467 616.700933 
509.487615 628.468478 
510.540654 640.253010 
511.457455 652.048985 
512.295553 663.850837 
513.085774 675.655998 
513.847314 687.463048 
514.597153 699.270848 
515.364971 711.077491 
516.126861 722.884515 
516.819489 734.695772 
517.373538 746.514274 
517.738633 758.340115 
517.995183 770.168885 
518.106042 781.999822 
517.989532 793.830607 
517.603430 805.655624 
516.916776 817.466871 
515.971143 829.260493 
514.890571 841.042595 
513.732550 852.817361 
512.535925 864.588277 
511.472687 875.331482 
