791.335754 602.924805 
779.590382 604.333550 
767.825520 603.635077 
757.014986 598.932630 
746.829656 592.912865 
736.153039 587.842468 
724.777240 584.624444 
713.160086 582.387004 
701.506387 580.343302 
689.923384 577.938079 
678.525121 574.770313 
667.218280 571.286976 
656.055177 567.370112 
645.172250 562.735936 
634.821015 557.023023 
625.330388 549.967986 
616.385760 542.224493 
607.467983 534.449977 
597.983959 527.382393 
588.109460 520.870757 
577.533693 515.583739 
566.416095 511.557186 
555.013888 508.400959 
543.585063 505.340708 
532.304528 501.781744 
521.527857 496.919232 
511.420728 490.781786 
502.047010 483.569234 
493.374155 475.532782 
485.734733 466.502508 
478.356535 457.253938 
470.375779 448.521487 
461.781503 440.399946 
452.474791 433.095275 
442.941799 426.090122 
432.809138 419.998392 
421.794444 415.716742 
410.251078 413.175234 
398.452664 412.440640 
386.653490 413.231301 
374.964254 415.046076 
363.420961 417.632188 
352.127433 421.142873 
341.396969 426.102414 
331.676272 432.812951 
323.870129 441.651152 
319.088457 452.432218 
317.190078 464.074902 
320.317227 475.284413 
329.258427 482.798223 
340.817985 484.740387 
352.295141 481.991416 
363.352756 477.786154 
374.341935 473.402026 
385.558812 469.656699 
397.211087 467.661125 
409.024994 467.196401 
420.801755 468.261000 
432.362804 470.730920 
443.465433 474.793795 
453.825681 480.474201 
462.244790 488.717129 
469.126227 498.340931 
475.819481 508.095302 
481.909119 518.237321 
487.589809 528.615893 
492.832254 539.218979 
496.849070 550.338360 
499.455514 561.874707 
501.292831 573.561909 
502.846326 585.291026 
504.292590 597.033536 
505.412691 608.811789 
506.470304 620.595988 
507.651962 632.368341 
508.945349 644.129005 
510.266837 655.886559 
511.568395 667.646330 
512.810865 679.412473 
513.941536 691.189831 
514.869054 702.984785 
515.556372 714.796201 
516.027342 726.618279 
516.349384 738.445447 
516.628882 750.273728 
516.980837 762.100029 
517.385867 773.924676 
517.684936 785.752362 
517.732506 797.583512 
517.422383 809.410492 
516.701629 821.219648 
515.721229 833.010430 
514.601273 844.788849 
513.400107 856.559292 
512.169519 868.326706 
511.472687 875.331482 
