791.335754 602.924805 
779.660563 604.822359 
767.906184 604.191516 
757.067135 599.532730 
746.792232 593.666830 
736.181705 588.448448 
724.901922 584.915145 
713.314997 582.529072 
701.670263 580.434788 
690.093128 578.001616 
678.703568 574.802792 
667.399207 571.311200 
656.230410 567.410334 
645.334766 562.806022 
634.969131 557.119343 
625.467175 550.079848 
616.517728 542.341994 
607.604332 534.562381 
598.128549 527.483988 
588.261886 520.960179 
577.695995 515.653527 
566.585144 511.608421 
555.184690 508.445982 
543.755173 505.388276 
532.470359 501.842605 
521.683892 497.002112 
511.566477 490.881584 
502.182351 483.682753 
493.494922 475.661692 
485.844551 466.640889 
478.470199 457.389171 
470.497844 448.649191 
461.917057 440.513249 
452.614722 433.203128 
443.087539 426.189976 
432.966718 420.078358 
421.963728 415.767495 
410.426077 413.200013 
398.629382 412.438722 
386.828991 413.210543 
375.137956 415.013492 
363.592111 417.588108 
352.292762 421.080496 
341.551193 426.016155 
331.810249 432.697592 
323.966163 441.502571 
319.138137 452.262537 
317.192194 463.898102 
320.218829 475.137660 
329.097593 482.722713 
340.640986 484.751282 
352.127257 482.048091 
363.188341 477.852188 
374.176546 473.465579 
385.387255 469.701217 
397.034966 467.680406 
408.847904 467.191938 
420.626449 468.235605 
432.192724 470.681623 
443.303571 474.721818 
453.679297 480.374475 
462.136493 488.577103 
469.024769 498.195889 
475.787420 507.902617 
481.863559 518.051069 
487.191460 528.613711 
491.914718 539.459199 
495.770551 550.640899 
498.669522 562.109191 
500.923715 573.723192 
502.806100 585.403813 
504.401827 597.126710 
505.585549 608.898520 
506.580672 620.688171 
507.587296 632.476853 
508.573302 644.267277 
509.530201 656.060101 
510.467925 667.854466 
511.391044 679.649984 
512.301037 691.446522 
513.210448 703.243101 
514.159048 715.036595 
515.093416 726.831217 
515.929067 738.633183 
516.585014 750.446414 
517.088433 762.267275 
517.519173 774.090964 
517.773547 785.919633 
517.758763 797.750887 
517.415312 809.577067 
516.689312 821.385917 
515.706228 833.176478 
514.584808 844.954759 
513.382855 856.725122 
512.152335 868.492543 
511.472687 875.331482 
