786.030762 600.240784 
774.222318 600.954290 
762.491717 599.760716 
751.883138 594.625576 
741.920873 588.244344 
731.267295 583.142027 
719.847366 580.079871 
708.221601 577.885230 
696.598440 575.676856 
685.129438 572.784008 
673.807329 569.349825 
662.572469 565.641620 
651.524066 561.413381 
640.850533 556.320312 
631.042115 549.729323 
622.150052 541.928908 
613.418010 533.946644 
603.949073 526.866233 
593.955604 520.535839 
583.512451 514.982014 
572.647111 510.307987 
561.388601 506.678910 
549.990176 503.507130 
538.631258 500.198973 
527.571198 496.014841 
516.993821 490.725416 
507.116875 484.223333 
497.908116 476.801429 
489.368991 468.614667 
481.191517 460.064351 
473.141873 451.393427 
465.483260 442.376211 
457.870880 433.319628 
449.887575 424.588484 
441.719651 416.048422 
431.336607 410.541320 
419.741561 408.264583 
407.938743 407.505853 
396.111416 407.713993 
384.325627 408.729885 
372.632585 410.520286 
361.118724 413.225615 
350.029995 417.317480 
339.732374 423.118885 
330.560990 430.567700 
323.267945 439.839931 
318.635344 450.695629 
317.381772 462.382166 
322.873163 472.635326 
332.921350 478.665074 
344.627291 479.500697 
356.016105 476.352535 
367.057384 472.103250 
378.053763 467.737304 
389.286610 464.041444 
400.968809 462.249608 
412.790154 462.253695 
424.537884 463.635219 
436.099743 466.095336 
446.989342 470.666379 
456.588996 477.533585 
464.577282 486.245680 
471.378926 495.916474 
477.272614 506.174395 
483.067046 516.489426 
489.160761 526.630942 
494.664274 537.098607 
498.710719 548.205087 
501.445877 559.713090 
503.540266 571.357201 
505.393649 583.042697 
507.178791 594.738619 
508.589271 606.485219 
509.724661 618.262137 
510.787784 630.045850 
511.793423 641.834611 
512.756455 653.626933 
513.681365 665.422306 
514.564500 677.220877 
515.393239 689.023387 
516.156496 700.830321 
516.894777 712.638842 
517.536185 724.452949 
517.976413 736.276130 
518.147208 748.106211 
518.083332 759.937510 
517.835351 771.766371 
517.389821 783.589420 
516.738392 795.402905 
515.876285 807.202881 
514.746503 818.980081 
513.393553 830.733967 
511.917583 842.473097 
510.368975 854.202886 
508.790276 865.928674 
507.759094 873.818481 
