786.564148 594.911255 
774.767016 595.794816 
763.002461 594.943690 
752.311850 590.018072 
742.406877 583.548332 
731.756695 578.446435 
720.307859 575.495608 
708.659178 573.426290 
697.005701 571.383152 
685.488791 568.688197 
674.132197 565.370032 
662.880503 561.714296 
651.869272 557.393371 
641.365059 551.967804 
631.950141 544.825552 
623.355941 536.695290 
614.573966 528.772998 
604.907327 521.958685 
594.829520 515.762499 
584.430280 510.122796 
573.704333 505.135001 
562.541994 501.225230 
551.178940 497.929261 
539.909586 494.334456 
528.978771 489.810116 
518.407063 484.508988 
508.641895 477.850829 
500.142370 469.634302 
492.228984 460.838735 
484.114551 452.228295 
476.054590 443.566700 
467.851192 435.041502 
459.525992 426.635680 
451.308434 418.125071 
442.121190 410.701214 
431.455173 405.632339 
420.080929 402.411649 
408.368584 400.797490 
396.545396 400.723955 
384.796570 402.081624 
373.186287 404.348823 
361.737442 407.326483 
350.547165 411.154738 
340.002517 416.488867 
330.802481 423.883830 
324.006346 433.504751 
320.850288 444.852689 
322.256562 456.494105 
328.347208 466.506527 
339.120575 470.752254 
350.742486 468.776020 
361.998719 465.136554 
373.171695 461.244275 
384.496438 457.831227 
396.199772 456.223392 
408.009391 456.676390 
419.676623 458.626097 
431.237922 461.126150 
442.351436 465.137777 
452.339610 471.428293 
460.876882 479.603964 
468.548112 488.608886 
475.504310 498.175320 
481.649070 508.282569 
487.143543 518.759880 
492.101166 529.500829 
496.307058 540.556449 
499.561394 551.927861 
502.040505 563.495621 
504.102817 575.145788 
505.993083 586.825379 
507.682061 598.535271 
508.972761 610.295850 
510.074744 622.075986 
511.130874 633.860332 
512.145209 645.648351 
513.117897 657.439879 
514.041780 669.235326 
514.900146 681.035712 
515.655720 692.843085 
516.265543 704.658879 
516.713386 716.481858 
516.956042 728.310802 
517.011152 740.142174 
516.971173 751.973688 
516.941681 763.805232 
516.816179 775.636063 
516.473568 787.462428 
515.805903 799.274672 
514.708026 811.054342 
513.142588 822.781441 
511.304354 834.469210 
509.307759 846.131061 
507.218305 857.776671 
505.109359 869.418774 
504.242493 874.434875 
