785.773560 589.104492 
773.999070 590.250651 
762.212528 589.742347 
751.407373 585.086595 
741.424609 578.737413 
730.726084 573.733592 
719.321585 570.601870 
707.745571 568.158157 
696.143081 565.841320 
684.614908 563.184770 
673.129458 560.344209 
661.738544 557.156347 
650.791795 552.691165 
640.503612 546.859367 
630.677408 540.271245 
621.083343 533.347697 
611.582195 526.297524 
602.713909 518.472144 
593.765099 510.743782 
583.555232 504.809368 
572.512013 500.575420 
561.233831 497.000594 
549.944345 493.461300 
538.840417 489.379331 
527.854687 484.989903 
517.368826 479.527689 
507.536226 472.952980 
498.205892 465.681046 
489.402985 457.779943 
481.573963 448.920863 
474.414502 439.501478 
466.815593 430.436384 
459.154818 421.420015 
451.110977 412.749938 
441.825711 405.452755 
431.424914 399.824670 
420.386989 395.596663 
408.786714 393.358514 
396.972906 393.392390 
385.276577 395.145341 
373.742743 397.775560 
362.362747 401.009008 
351.169523 404.837345 
340.470539 409.852099 
331.545065 417.530291 
325.021151 427.381740 
320.503308 438.297643 
318.859025 449.941082 
324.595279 459.937966 
335.702211 463.456659 
347.361394 461.736985 
358.681038 458.299474 
369.933045 454.642072 
381.354133 451.573235 
393.105203 450.303494 
404.902237 450.999421 
416.552209 453.054423 
428.015001 455.972755 
439.210981 459.787602 
449.857045 464.919006 
458.732625 472.655062 
465.825469 482.116891 
472.038744 492.183352 
477.707454 502.567381 
482.932642 513.181899 
487.749748 523.987549 
492.048714 535.008987 
495.639941 546.279471 
498.353323 557.793501 
500.520083 569.424592 
502.574974 581.076321 
504.776529 592.701247 
506.814935 604.355408 
508.441500 616.074102 
509.750762 627.832804 
510.884869 639.609861 
511.930553 651.395130 
512.921175 663.185164 
513.873693 674.978341 
514.798110 686.773756 
515.703321 698.570661 
516.583700 710.369440 
517.393251 722.173261 
518.076477 733.985028 
518.608549 745.804571 
519.120150 757.625054 
519.651743 769.444669 
520.016713 781.270396 
520.048813 793.101371 
519.616427 804.924116 
518.622093 816.712813 
517.236526 828.462723 
515.638901 840.185856 
513.914936 851.891137 
512.129489 863.587227 
510.573792 874.140686 
