785.316956 586.964355 
773.488919 586.722390 
761.785435 585.141092 
751.088302 580.203869 
741.181289 573.736666 
730.602532 568.484208 
719.185269 565.419466 
707.537048 563.349806 
695.855986 561.468945 
684.260735 559.127787 
672.748167 556.398936 
661.348193 553.242582 
650.361225 548.876483 
640.111176 542.984170 
630.447386 536.160650 
620.970761 529.076917 
611.441356 522.065074 
602.133175 514.761489 
592.537400 507.846239 
582.254842 502.004530 
571.548517 496.971695 
560.665555 492.330324 
549.675611 487.952552 
538.414813 484.323623 
527.445572 479.917270 
517.084804 474.209400 
507.073368 467.906521 
497.429067 461.055912 
488.343925 453.483548 
479.979267 445.119691 
472.050979 436.337862 
464.428630 427.294244 
457.612598 417.624036 
450.303649 408.331723 
441.210257 400.809528 
430.979580 394.885107 
419.903573 390.776716 
408.232337 388.954864 
396.412137 389.178446 
384.663264 390.554870 
373.018445 392.640917 
361.504246 395.356161 
350.214404 398.881472 
339.575890 404.019083 
330.132140 411.117235 
322.141447 419.822977 
316.675669 430.228985 
316.613401 441.917521 
322.868035 451.791691 
333.561338 456.462119 
345.344502 456.150278 
356.973850 453.983842 
368.518019 451.392221 
380.082263 448.893755 
391.795386 447.266992 
403.611350 446.840855 
415.368873 448.099835 
426.996178 450.274835 
438.290560 453.755498 
448.368810 459.856927 
456.286455 468.615625 
463.008954 478.349822 
468.943778 488.581857 
474.327741 499.116918 
479.539796 509.738624 
484.773914 520.349439 
489.711161 531.100437 
493.891745 542.164389 
496.889391 553.604753 
499.008566 565.243719 
500.818258 576.936064 
502.703468 588.616449 
504.352536 600.332240 
505.827287 612.071538 
507.278487 623.813787 
508.725005 635.556614 
510.153753 647.301614 
511.554056 659.050038 
512.913233 670.803286 
514.208924 682.563688 
515.393381 694.335756 
516.424859 706.122212 
517.279642 717.922744 
517.937444 729.735906 
518.445922 741.556522 
518.924807 753.378385 
519.470399 765.197382 
519.915844 777.020447 
520.084602 788.850394 
519.832486 800.678489 
519.039397 812.482222 
517.764847 824.244540 
516.230862 835.976128 
514.545025 847.686944 
512.773269 859.385108 
511.004067 871.083642 
510.573792 874.140686 
