785.282349 584.395081 
773.451682 584.391892 
761.724403 583.013337 
751.067458 578.009396 
741.180857 571.512998 
730.445190 566.598299 
718.994728 563.638977 
707.381587 561.378403 
695.740549 559.263670 
684.163492 556.829136 
672.643106 554.133498 
661.220258 551.062038 
650.213057 546.745013 
639.765669 541.199993 
629.723023 534.946944 
619.948754 528.280755 
610.621497 521.013377 
601.982539 512.929930 
592.884861 505.382124 
582.510148 499.733371 
571.450462 495.539251 
560.221875 491.810442 
549.058360 487.892115 
537.803972 484.242741 
526.908583 479.653625 
516.570570 473.903884 
506.576353 467.573754 
496.953807 460.692704 
487.905312 453.076728 
479.571325 444.682072 
471.654022 435.890258 
464.058941 426.824307 
457.220252 417.169805 
449.811610 407.957350 
440.797401 400.321513 
430.984162 393.718926 
420.445731 388.365299 
409.132774 384.967059 
397.365788 383.892711 
385.546868 384.346062 
373.795206 385.700880 
362.156027 387.814357 
350.719461 390.828635 
339.886791 395.531254 
330.420053 402.585092 
322.712536 411.535341 
317.256508 421.978529 
315.665684 433.655422 
317.811762 445.219561 
325.845296 453.355921 
337.560570 454.216686 
349.187004 452.054471 
360.680605 449.247499 
372.182090 446.473588 
383.832150 444.448953 
395.642979 443.862195 
407.426841 444.816778 
419.049068 447.018244 
430.429130 450.235409 
441.250881 454.980471 
450.653742 462.101707 
458.157243 471.231927 
464.724558 481.070611 
470.533409 491.375789 
475.822850 501.958392 
480.777626 512.702164 
485.421704 523.583643 
489.630449 534.640186 
493.163629 545.928948 
495.755650 557.470215 
497.734806 569.134700 
499.667713 580.807244 
501.588490 592.481699 
503.207045 604.201710 
504.592484 615.951807 
505.840322 627.717371 
507.020775 639.489914 
508.167479 651.265797 
509.295888 663.043449 
510.416730 674.821823 
511.541323 686.599840 
512.702027 698.374329 
513.961432 710.138671 
515.238275 721.901142 
516.358580 733.679347 
517.176491 745.482248 
517.801585 757.297292 
518.311696 769.117774 
518.598310 780.945629 
518.571804 792.776762 
518.168859 804.600916 
517.318104 816.401211 
516.153416 828.175161 
514.816732 839.930937 
513.377149 851.674595 
511.887830 863.412069 
510.573792 874.140686 
