781.037903 581.398010 
769.218890 581.885047 
757.566226 580.120161 
746.951290 574.940170 
736.739274 568.965877 
726.026592 563.974604 
714.604777 560.924201 
702.950762 558.887800 
691.277436 556.961372 
679.709714 554.480473 
668.165233 551.891325 
656.829533 548.522981 
646.073816 543.620735 
635.999714 537.423148 
626.301480 530.646774 
616.676475 523.766038 
607.384345 516.444617 
598.159958 509.036812 
588.293194 502.524673 
577.681958 497.301538 
566.721513 492.848599 
555.637182 488.710957 
544.285534 485.391105 
532.922247 482.110673 
522.164836 477.214576 
511.968800 471.216919 
502.167586 464.592426 
492.792449 457.378599 
484.081112 449.378762 
475.984989 440.752713 
468.134739 431.900689 
460.956845 422.502443 
454.046768 412.900318 
445.948231 404.303514 
436.481255 397.212428 
426.400484 391.032762 
415.488167 386.502769 
403.899537 384.218516 
392.078445 383.917577 
380.272420 384.660602 
368.532850 386.120967 
356.899615 388.267561 
345.481509 391.346988 
334.796926 396.366457 
325.686533 403.867406 
318.605746 413.316677 
314.509872 424.323510 
314.935599 436.098655 
318.891988 447.193279 
328.011493 454.077446 
339.743410 453.503825 
351.094661 450.180291 
362.314907 446.426371 
373.640514 443.010443 
385.287374 441.022910 
397.108884 440.855809 
408.862098 442.162890 
420.458318 444.499272 
431.761361 447.967944 
442.346017 453.212549 
451.225412 460.956915 
457.992960 470.652066 
464.554380 480.496720 
471.131619 490.331072 
477.147847 500.515198 
482.004893 511.294009 
485.576464 522.569746 
488.466156 534.042427 
491.223255 545.548269 
493.799962 557.095289 
495.959847 568.727524 
497.821598 580.411489 
499.448534 592.130564 
500.953093 603.866079 
502.425162 615.605730 
503.920874 627.342387 
505.443588 639.075576 
506.966829 650.808697 
508.473658 662.543936 
509.948132 674.283279 
511.367732 686.029373 
512.711894 697.784346 
514.039333 709.541227 
515.286498 721.306831 
516.345678 733.090713 
517.144239 744.895059 
517.772264 756.709950 
518.290975 768.530064 
518.590876 780.357598 
518.581788 792.188764 
518.198885 804.013603 
517.369757 815.815404 
516.215946 827.590414 
514.886055 839.346957 
513.450422 851.091098 
511.961903 862.828673 
510.573792 874.140686 
