778.206726 579.387695 
766.444980 580.611491 
754.856234 578.629203 
744.369874 573.174296 
734.169284 567.180571 
723.477807 562.144075 
712.051101 559.117766 
700.375105 557.212434 
688.699802 555.303566 
677.092282 553.013624 
665.520788 550.559515 
654.348425 546.701786 
643.793638 541.365715 
633.648061 535.281173 
623.775722 528.761276 
614.231269 521.776016 
605.469270 513.829289 
596.675998 505.918673 
586.764469 499.494535 
575.961882 494.681769 
564.859325 490.594055 
553.742701 486.544350 
542.444758 483.032853 
531.396135 478.824014 
520.828190 473.506790 
510.503135 467.731218 
500.508836 461.402839 
491.180447 454.139077 
482.976822 445.624907 
475.520691 436.439168 
468.304380 427.067966 
461.898994 417.120802 
454.828969 407.648483 
446.031318 399.763213 
436.524269 392.724529 
426.309524 386.774625 
415.210561 382.735701 
403.500158 381.218839 
391.681629 381.634936 
379.936043 383.041370 
368.291306 385.128126 
356.774356 387.832011 
345.468493 391.307489 
334.827998 396.430629 
325.704562 403.917445 
318.609760 413.356514 
314.424767 424.331405 
315.065307 436.079313 
320.439920 446.465065 
330.921690 451.433588 
342.627572 450.375775 
353.828336 446.576283 
364.927106 442.478004 
376.291287 439.217876 
388.048602 438.012513 
399.871097 438.300923 
411.611880 439.733332 
423.180205 442.192847 
434.323968 446.132289 
444.600280 451.960443 
453.427174 459.801581 
460.675232 469.142135 
467.035418 479.115848 
472.529853 489.591141 
477.442399 500.353932 
482.090283 511.234210 
486.465086 522.226666 
490.354402 533.399242 
493.505799 544.800454 
495.779159 556.409427 
497.618030 568.097181 
499.457921 579.784825 
501.222655 591.484032 
502.900603 603.196005 
504.498741 614.919139 
506.022154 626.652219 
507.477018 638.394003 
508.886188 650.141365 
510.263615 661.892494 
511.615955 673.646538 
512.945734 685.403155 
514.268515 697.160555 
515.681288 708.907467 
517.075133 720.656598 
518.214966 732.432674 
518.938733 744.241466 
519.372697 756.064965 
519.589731 767.894349 
519.540644 779.725554 
519.198413 791.551877 
518.552870 803.365491 
517.552124 815.154323 
516.319979 826.921479 
514.959331 838.674531 
513.520526 850.418294 
512.042768 862.157229 
510.600936 873.900577 
510.573792 874.140686 
