777.358154 578.475037 
765.549826 579.122990 
754.030708 576.752958 
743.663283 571.071184 
733.463973 565.077891 
722.577575 560.493702 
711.085862 557.700514 
699.443557 555.593694 
687.846255 553.256354 
676.235272 550.984601 
664.701213 548.365625 
653.635569 544.216499 
643.264279 538.533224 
633.347283 532.082672 
623.650517 525.303599 
614.253235 518.121618 
605.323608 510.359982 
596.075887 502.988446 
585.869935 497.024132 
575.050800 492.243671 
563.967997 488.103027 
552.676149 484.593885 
541.145948 481.942178 
529.957193 478.139192 
519.329361 472.944584 
509.030564 467.123852 
499.163559 460.601088 
490.219423 452.881772 
482.869334 443.623518 
475.994762 433.995522 
468.776925 424.622034 
461.730964 415.118180 
453.841350 406.314593 
444.757115 398.740981 
435.380192 391.527823 
425.385540 385.211853 
414.459688 380.730804 
402.782623 379.042352 
390.978362 379.704544 
379.295717 381.558221 
367.758368 384.173372 
356.380492 387.413283 
345.224053 391.344960 
334.699800 396.710744 
325.600885 404.232654 
318.463045 413.638635 
314.369822 424.643963 
315.049300 436.389138 
321.142477 446.229201 
332.417830 449.237574 
344.142161 447.950839 
355.523791 444.726422 
366.860542 441.341999 
378.411600 438.820825 
390.198398 437.842570 
402.025923 437.910517 
413.790186 439.119173 
425.328381 441.702046 
436.373930 445.907207 
446.455859 452.058878 
454.782536 460.423994 
461.525762 470.138981 
467.645403 480.263417 
473.054203 490.784120 
477.955927 501.551959 
482.589400 512.438319 
486.921852 523.447462 
490.743254 534.643314 
493.796964 546.070906 
495.990556 557.695559 
497.819666 569.384881 
499.656698 581.072970 
501.411722 592.773638 
503.080492 604.486922 
504.670145 616.211210 
506.188356 627.944969 
507.656874 639.685060 
509.087616 651.429815 
510.480882 663.179074 
511.831694 674.933287 
513.126727 686.693768 
514.359580 698.460941 
515.591677 710.228195 
516.725506 722.005215 
517.603396 733.803818 
518.122901 745.623526 
518.366255 757.452453 
518.370721 769.283796 
518.097285 781.111937 
517.542903 792.930272 
516.722906 804.733131 
515.605307 816.511606 
514.310126 828.272029 
512.915565 840.021119 
511.460701 851.762908 
509.977839 863.501200 
508.619324 874.530640 
