778.677734 576.756714 
766.874833 577.533125 
755.261133 575.646864 
744.851118 570.059996 
734.769239 563.870037 
724.020596 558.963616 
712.714750 555.487330 
701.210474 552.727520 
689.615840 550.378386 
677.854302 549.120552 
666.095779 547.836979 
654.697611 544.756517 
644.155836 539.410037 
634.260765 532.928209 
624.645588 526.033840 
615.202140 518.910854 
606.254534 511.170326 
597.081162 503.704476 
586.971306 497.580889 
576.196269 492.702928 
565.129156 488.521044 
553.873922 484.891550 
542.343725 482.239875 
531.091696 478.625371 
520.422572 473.517594 
510.088028 467.760412 
500.164888 461.322718 
491.077907 453.768586 
483.582678 444.630586 
476.741350 434.978206 
469.506327 425.617508 
462.489039 416.092003 
454.727532 407.173580 
445.711269 399.523972 
436.296379 392.360170 
426.316246 386.018366 
415.490909 381.285667 
403.922514 378.921511 
392.102666 378.578116 
380.297352 379.325974 
368.567309 380.858488 
356.959269 383.135944 
345.583911 386.370273 
334.932227 391.461316 
325.738824 398.871464 
318.258539 408.015078 
312.882977 418.510394 
312.484977 430.223477 
316.667782 441.225847 
325.753521 448.390960 
337.480946 449.051336 
348.760906 445.577516 
359.673618 441.006325 
370.866224 437.199874 
382.536590 435.307145 
394.338088 434.508433 
406.163121 434.729984 
417.866470 436.385632 
429.109470 440.021082 
439.551259 445.555192 
448.885008 452.796508 
456.417253 461.896029 
462.714793 471.909926 
468.659256 482.138624 
474.018388 492.685245 
478.846202 503.485946 
483.158444 514.502261 
486.931178 525.715305 
490.281770 537.061994 
493.223447 548.521039 
495.579729 560.114557 
497.631364 571.766866 
499.609291 583.431924 
501.493580 595.112465 
503.274945 606.809139 
504.946202 618.522048 
506.505853 630.250348 
507.984328 641.989180 
509.405757 653.735061 
510.778942 665.486681 
512.104151 677.243807 
513.373932 689.007043 
514.588483 700.776121 
515.759140 712.549627 
516.803849 724.334892 
517.637962 736.136840 
518.246433 747.952651 
518.767335 759.772747 
519.160206 771.597687 
519.317817 783.427946 
519.157320 795.258019 
518.614007 807.076481 
517.658568 818.869064 
516.464751 830.640161 
515.135036 842.396749 
513.724995 854.144000 
512.290235 865.888268 
511.512146 872.595093 
