778.711975 575.035889 
766.937177 576.118617 
755.446293 573.721472 
745.173974 567.866989 
734.994304 561.842858 
724.084125 557.298605 
712.739379 553.948595 
701.227865 551.217957 
689.616328 548.962986 
677.863329 547.608547 
666.132006 546.088367 
654.691662 543.135497 
643.945917 538.208353 
633.809893 532.111359 
624.001260 525.495450 
614.510513 518.439375 
605.585942 510.672312 
596.397123 503.226985 
586.227338 497.202839 
575.422195 492.391218 
564.344102 488.238136 
553.064435 484.688744 
541.533430 482.040345 
530.324525 478.297058 
519.710031 473.076953 
509.439394 467.206198 
499.538076 460.733276 
490.282323 453.375826 
482.121760 444.819627 
474.643830 435.651269 
467.574041 426.173101 
461.206935 416.201117 
453.994838 406.838125 
445.168712 398.975112 
435.766580 391.796379 
425.707741 385.582229 
414.798746 381.045783 
403.194512 378.856382 
391.371986 378.598157 
379.570125 379.399681 
367.845996 380.976812 
356.247925 383.304155 
344.895223 386.615317 
334.318359 391.858210 
325.226040 399.392468 
317.855806 408.625139 
312.678250 419.212341 
312.572592 430.943384 
317.046628 441.809491 
327.245367 446.999007 
339.036586 446.365663 
350.430088 443.218332 
361.652401 439.471620 
373.128807 436.634055 
384.876378 435.247236 
396.688689 434.612147 
408.510017 434.959949 
420.157860 436.949076 
431.265336 440.979996 
441.515679 446.861923 
450.536523 454.481627 
457.733472 463.854726 
463.926702 473.934885 
469.775586 484.217797 
475.021312 494.821437 
479.751527 505.665280 
483.949871 516.725486 
487.630062 527.969338 
490.906892 539.337590 
493.783504 550.813167 
496.069973 562.420561 
497.988724 574.095369 
499.706943 585.801417 
501.288675 597.526758 
502.788443 609.262889 
504.238571 621.005266 
505.646999 632.752712 
507.007204 644.505844 
508.334919 656.262694 
509.638552 668.022240 
510.923148 679.783880 
512.190650 691.547375 
513.480817 703.308387 
514.817803 715.064188 
516.081358 726.828027 
517.123387 738.613355 
517.883520 750.420327 
518.535647 762.233892 
519.021266 774.055321 
519.222405 785.884812 
519.056071 797.714680 
518.457948 809.530308 
517.450379 821.318607 
516.222136 833.086173 
514.866080 844.839756 
513.437017 856.584711 
512.000801 868.328792 
511.512146 872.595093 
