780.165588 575.915466 
768.388340 576.999566 
756.794725 575.072626 
746.429023 569.396866 
736.199355 563.459553 
725.227084 559.071828 
713.824642 555.920755 
702.302877 553.232151 
690.748902 550.684221 
679.171711 548.250779 
667.486690 546.395491 
655.957235 543.784071 
645.089985 539.144776 
634.936397 533.079627 
625.185046 526.380017 
615.702446 519.310043 
606.747160 511.578477 
597.598232 504.081607 
587.540164 497.874397 
576.789003 492.944591 
565.731113 488.738676 
554.493249 485.052938 
542.965983 482.389444 
531.682803 478.870499 
521.012635 473.767589 
510.701405 467.968504 
500.746137 461.578493 
491.385735 454.353256 
483.150580 445.870908 
475.626273 436.740472 
468.167772 427.558420 
461.225974 417.977499 
453.849043 408.733550 
445.248523 400.626341 
436.094344 393.131387 
426.375128 386.398011 
415.675415 381.396454 
404.128624 378.940701 
392.308943 378.595323 
380.503399 379.340401 
368.771347 380.857965 
357.158018 383.108607 
345.772311 386.306565 
335.102122 391.358042 
325.896096 398.751352 
318.406053 407.887486 
312.865402 418.308035 
311.614127 429.983596 
314.953906 441.250963 
324.275753 447.970279 
336.041550 448.574093 
347.487278 445.759525 
358.428776 441.258514 
369.603783 437.400484 
381.308790 435.814665 
393.135810 435.824115 
404.921350 436.834714 
416.596965 438.731732 
428.058647 441.641444 
438.898427 446.332507 
448.357365 453.389328 
456.125858 462.296235 
462.764930 472.085327 
468.571147 482.387775 
473.344103 493.211140 
477.630940 504.238614 
481.870502 515.284498 
485.883651 526.414250 
489.493455 537.680743 
492.536619 549.112821 
494.902125 560.703973 
496.857893 572.372661 
498.624623 584.071455 
500.243634 595.791707 
501.787809 607.522083 
503.300669 619.256546 
504.802588 630.992415 
506.284728 642.730798 
507.746468 654.471738 
509.185500 666.215483 
510.596465 677.962631 
511.968238 689.714416 
513.316309 701.468945 
514.697714 713.219609 
515.994734 724.979786 
517.043197 736.764468 
517.747732 748.574670 
518.214682 760.396911 
518.465104 772.225648 
518.461163 784.056988 
518.187500 795.885155 
517.631883 807.703325 
516.762026 819.502680 
515.710493 831.287385 
514.555192 843.062407 
513.339667 854.831381 
512.108649 866.598749 
511.512146 872.595093 
