784.472107 577.620239 
772.759736 579.262203 
761.073381 577.956931 
750.449152 572.792335 
740.185701 566.907107 
729.430249 562.004271 
718.091610 558.639466 
706.565887 555.969496 
694.987392 553.535485 
683.433502 550.987925 
671.818819 548.736735 
660.265083 546.207648 
649.171748 542.126512 
638.619838 536.782182 
628.452168 530.734652 
618.589615 524.201903 
609.354258 516.811639 
600.341767 509.146585 
590.740873 502.246649 
580.458524 496.401092 
569.726187 491.426556 
558.662191 487.248102 
547.306479 483.928325 
535.999148 480.450987 
525.019253 476.051430 
514.239951 471.175430 
503.767902 465.675501 
493.997668 459.023836 
485.774687 450.546580 
478.743199 441.032773 
471.411726 431.751655 
463.892008 422.617445 
456.153491 413.670599 
447.529390 405.582732 
438.474960 397.967353 
429.178394 390.656654 
418.865248 384.901864 
407.480476 381.804482 
395.673710 381.219954 
383.861717 381.853041 
372.110487 383.217690 
360.444790 385.184601 
348.908583 387.802693 
337.686554 391.516313 
327.547137 397.546247 
319.425430 406.101346 
313.619294 416.382677 
311.653944 427.958761 
314.112998 439.465202 
322.129100 447.787054 
333.618518 450.268440 
345.294721 448.778601 
356.349184 444.573315 
367.411998 440.388525 
378.984304 438.015304 
390.776475 437.100309 
402.602278 437.276238 
414.341912 438.698200 
425.869360 441.338042 
436.925293 445.513427 
446.852030 451.892392 
454.932396 460.507039 
461.641530 470.246629 
467.601149 480.463639 
472.527986 491.216883 
476.860644 502.226214 
481.108183 513.269062 
485.177941 524.378300 
488.874513 535.616760 
492.029870 547.018459 
494.516267 558.584006 
496.513795 570.245515 
498.316703 581.938772 
499.955972 593.656196 
501.509897 605.385282 
503.026093 617.119314 
504.530503 628.854864 
506.016313 640.592783 
507.481728 652.333265 
508.925309 664.076452 
510.342069 675.822903 
511.722164 687.573715 
513.067039 699.328614 
514.447808 711.079352 
515.772432 722.836486 
516.876856 734.616100 
517.642547 746.422440 
518.144219 758.243266 
518.437599 770.071025 
518.481801 781.902289 
518.257547 793.731495 
517.758972 805.552278 
516.937371 817.355029 
515.911258 829.141960 
514.771201 840.918464 
513.563832 852.688275 
512.330422 864.455394 
511.512146 872.595093 
