785.880371 581.838806 
774.231001 583.813171 
762.697260 581.627705 
752.154591 576.271043 
741.785442 570.574013 
731.008672 565.710804 
719.675691 562.330060 
708.129932 559.749408 
696.524690 557.446309 
684.946845 555.009932 
673.298532 552.939223 
661.714891 550.551362 
650.614424 546.501483 
640.198892 540.899784 
630.243421 534.509014 
620.534985 527.747206 
611.444347 520.183650 
602.624470 512.298914 
592.916608 505.565340 
582.284309 500.388141 
571.267529 496.077066 
560.108016 492.148258 
548.672988 489.121678 
537.231593 486.118020 
526.254316 481.733196 
515.764291 476.265984 
505.689409 470.067606 
496.183428 463.031577 
487.706337 454.792906 
480.109302 445.724419 
472.538680 436.633331 
464.946837 427.560886 
457.428335 418.427264 
448.950475 410.192484 
439.543549 403.017314 
429.800017 396.312931 
419.232725 391.026000 
407.819175 388.000133 
396.024927 387.184316 
384.200361 387.515110 
372.417133 388.567622 
360.709404 390.264425 
349.141674 392.734236 
337.998143 396.651640 
328.248098 403.282512 
320.618349 412.287747 
315.023128 422.692508 
313.271874 434.298218 
316.179015 445.686870 
324.991781 453.108208 
336.694542 454.356858 
348.289521 452.113205 
359.633849 448.753542 
371.083327 445.786102 
382.725427 443.678439 
394.435632 442.003773 
406.249226 441.592376 
417.976019 443.087205 
429.420702 446.059687 
440.340098 450.581403 
449.921018 457.450262 
457.417204 466.582398 
464.115081 476.335450 
470.361247 486.381990 
476.136082 496.707745 
481.515410 507.244773 
486.209284 518.101819 
490.156599 529.254534 
494.035280 540.431955 
497.629669 551.700655 
500.243113 563.237540 
502.317669 574.885479 
504.160986 586.572481 
505.856040 598.281959 
507.436413 610.007482 
508.913995 621.746404 
510.258875 633.501224 
511.480949 645.269493 
512.624282 657.045692 
513.718155 668.826597 
514.786727 680.609829 
515.860115 692.392619 
517.016658 704.167499 
518.210239 715.938713 
519.227499 727.726182 
519.879260 739.539217 
520.203776 751.366202 
520.336414 763.196907 
520.256743 775.028049 
519.942815 786.855265 
519.379744 798.673216 
518.521752 810.473227 
517.390153 822.250438 
516.108387 834.012344 
514.736695 845.764129 
513.314169 857.509883 
511.894399 869.255963 
511.512146 872.595093 
