788.959595 585.448608 
777.206502 586.758981 
765.554026 585.106141 
754.771465 580.258937 
744.223201 574.900583 
733.314424 570.337650 
721.989892 566.917938 
710.523084 564.004419 
698.999445 561.322883 
687.456883 558.724567 
675.786818 556.787900 
664.137631 554.741908 
652.993861 550.831929 
642.678523 545.053812 
632.916836 538.370520 
623.375103 531.376871 
614.336822 523.743473 
605.314621 516.090727 
595.618865 509.328811 
585.062108 504.001834 
574.057566 499.660571 
562.917340 495.677227 
551.516259 492.522023 
540.129499 489.316826 
529.208954 484.793886 
518.856488 479.071035 
508.905112 472.674708 
499.381794 465.657568 
490.572816 457.772301 
482.776163 448.877704 
475.276214 439.727310 
467.407090 430.892507 
459.595495 422.006864 
451.074173 413.811314 
441.748090 406.531535 
432.334001 399.369551 
421.984304 393.682512 
410.553923 390.773466 
398.736797 390.572184 
386.957133 391.650812 
375.264169 393.448113 
363.673293 395.817009 
352.224888 398.796666 
341.103167 402.803424 
331.182288 409.177186 
323.472395 418.106771 
317.654092 428.399221 
314.640471 439.772892 
317.249468 451.069043 
327.278563 457.001739 
338.929762 458.872751 
350.565528 457.051099 
361.858709 453.524478 
373.401243 450.942877 
384.993888 448.577384 
396.662080 446.629700 
408.459905 445.913437 
420.150344 447.592112 
431.372324 451.307921 
442.066038 456.359826 
452.007916 462.740001 
460.272480 471.177577 
467.178679 480.774718 
473.156895 490.982777 
478.658745 501.456654 
483.760221 512.130233 
488.064214 523.148380 
491.881668 534.347105 
495.787036 545.515258 
498.919696 556.920159 
501.224481 568.524043 
503.177267 580.193176 
504.947015 591.891575 
506.587357 603.608853 
508.120540 615.340643 
509.554594 627.084967 
510.901019 638.839668 
512.167641 650.603237 
513.350367 662.375531 
514.434738 674.157277 
515.388322 685.950287 
516.142602 697.757593 
516.617340 709.579329 
516.796403 721.409308 
516.776190 733.240824 
516.724733 745.072280 
516.785356 756.903687 
516.802307 768.735170 
516.563802 780.563948 
515.924472 792.377543 
514.805843 804.155210 
513.253575 815.884187 
511.473589 827.581013 
509.563239 839.257318 
507.573749 850.920424 
505.548218 862.577337 
503.725647 873.353333 
