792.693115 588.192383 
781.143898 590.722344 
769.445037 589.662946 
758.614215 584.930935 
748.109556 579.486957 
737.364463 574.544231 
726.127272 570.857685 
714.665979 567.924352 
703.120961 565.336937 
691.554527 562.846201 
679.931745 560.648884 
668.247016 558.804735 
657.002399 555.184645 
646.398748 549.949675 
636.272058 543.834160 
626.532344 537.123028 
617.208045 529.840433 
607.862882 522.584838 
598.069172 515.956448 
587.526840 510.600962 
576.542355 506.208347 
565.534342 501.873206 
554.570415 497.426437 
543.594811 493.008421 
532.778821 488.215302 
522.078299 483.167030 
511.457987 477.953541 
501.171450 472.115115 
491.735230 465.002907 
483.666798 456.363045 
476.350046 447.065535 
468.871545 437.897913 
461.843296 428.380826 
454.444847 419.155573 
445.556136 411.382392 
435.687954 404.862217 
425.041711 399.734941 
413.600011 396.807550 
401.798899 396.176718 
389.994421 396.931884 
378.261406 398.444976 
366.622124 400.562362 
355.126407 403.351825 
344.005662 407.350496 
334.088873 413.742188 
326.065377 422.404556 
319.773657 432.401440 
317.064588 443.850713 
318.437265 455.534832 
326.109337 464.002464 
337.787212 465.005646 
349.483796 463.250145 
361.094393 460.974697 
372.518187 457.911719 
383.823987 454.424250 
395.303896 451.583917 
407.081834 450.749886 
418.828250 452.072164 
430.287625 454.984944 
441.243434 459.418395 
450.881337 466.219348 
458.934378 474.877437 
466.064341 484.311192 
472.359000 494.327380 
478.220466 504.604528 
483.699167 515.089670 
488.564414 525.872797 
492.860352 536.896139 
496.652553 548.100244 
499.486377 559.585069 
501.802342 571.187381 
503.883221 582.834433 
505.815511 594.507104 
507.626361 606.199242 
509.320131 617.908911 
510.890396 629.635779 
512.352957 641.376586 
513.723260 653.128523 
515.003400 664.890619 
516.183446 676.663168 
517.236941 688.447681 
518.117987 700.246296 
518.781970 712.059016 
519.175681 723.883782 
519.318475 735.714350 
519.309781 747.545907 
519.222694 759.377127 
518.969182 771.205835 
518.465841 783.026443 
517.672640 794.831101 
516.566471 806.610444 
515.182577 818.360682 
513.652303 830.092847 
512.036184 841.813521 
510.368013 853.526910 
508.679882 865.237444 
507.377441 874.520264 
