797.815125 592.073120 
786.081228 593.575552 
774.294256 593.147799 
763.110603 589.370599 
752.426631 584.288780 
741.651169 579.407897 
730.445339 575.626652 
719.014289 572.577476 
707.493593 569.883989 
695.939462 567.336863 
684.298111 565.233223 
672.610242 563.396264 
661.139333 560.553571 
650.665249 555.144361 
640.797898 548.616059 
631.034378 541.933538 
621.326862 535.169625 
611.587540 528.451680 
601.726092 521.914972 
591.698727 515.635061 
581.549287 509.555804 
571.019952 504.168956 
559.865726 500.286695 
548.167803 498.550830 
536.522821 496.523191 
525.613062 492.007415 
515.442694 485.970529 
505.803630 479.113739 
496.660214 471.608492 
488.374988 463.174112 
480.919047 453.989244 
473.551958 444.732059 
465.804586 435.790187 
458.025838 426.877605 
449.179984 419.044711 
439.483599 412.265556 
429.338109 406.192681 
418.323009 401.933207 
406.631838 400.288116 
394.809868 400.599275 
383.050337 401.884707 
371.384973 403.852582 
359.852028 406.485326 
348.626119 410.190760 
338.265673 415.862445 
329.271440 423.520559 
322.059899 432.853438 
318.356024 444.040116 
317.729261 455.826359 
322.217244 466.447687 
333.228189 470.262540 
345.042941 470.212555 
356.707704 468.310057 
367.909277 464.517849 
378.944259 460.250151 
390.200100 456.624536 
401.908869 455.096567 
413.714352 455.681004 
425.323506 457.924147 
436.602211 461.478626 
447.290627 466.524770 
456.948977 473.329418 
464.980192 481.981375 
471.349283 491.944453 
477.008950 502.334140 
482.556935 512.783726 
487.560571 523.503320 
491.956147 534.486853 
495.911210 545.636003 
498.932255 557.072071 
501.339145 568.655854 
503.518269 580.284923 
505.531945 591.943798 
507.380722 603.629944 
509.044323 615.343846 
510.475467 627.088295 
511.640647 638.862188 
512.627282 650.652496 
513.507150 662.451299 
514.335269 674.253865 
515.168439 686.056072 
516.079901 697.852459 
517.064870 709.642968 
518.032016 721.434933 
518.847365 733.238231 
519.437210 745.054973 
519.990711 756.873602 
520.450514 768.696117 
520.637928 780.525819 
520.448000 792.355316 
519.839031 804.170539 
518.863267 815.961586 
517.696732 827.735455 
516.420821 839.498017 
515.078120 851.253158 
513.704024 863.004679 
512.380249 874.696350 
