796.332397 598.396851 
784.554877 599.474722 
772.889522 597.827827 
762.043324 593.126072 
751.401630 587.956430 
740.400538 583.618411 
728.993644 580.490456 
717.434434 577.968213 
705.840838 575.607106 
694.274281 573.118156 
682.814256 570.182154 
671.456202 566.868574 
660.164763 563.335977 
649.038210 559.317405 
638.236017 554.499955 
628.115932 548.393956 
618.856808 541.034145 
609.908625 533.293706 
600.507327 526.122226 
590.306303 520.135571 
579.695935 514.904501 
568.850981 510.175653 
557.789236 505.990024 
546.455029 502.596656 
535.303642 498.658569 
524.440299 493.971547 
513.745107 488.914799 
503.467970 483.063927 
494.398127 475.511245 
486.997221 466.288385 
479.503775 457.139276 
471.672413 448.270551 
463.563907 439.657559 
454.760998 431.756625 
445.947547 423.863350 
436.853905 416.299914 
426.815162 410.072313 
415.561603 406.565176 
403.761470 405.940282 
391.969397 406.852005 
380.279629 408.666618 
368.700485 411.092901 
357.288037 414.197492 
346.323835 418.622645 
336.082784 424.526036 
327.109071 432.191438 
320.803160 442.149535 
317.485532 453.469584 
318.179670 465.207206 
324.343829 475.037781 
335.464000 478.502045 
347.181762 477.157454 
358.441407 473.537282 
369.555808 469.480723 
380.814096 465.852320 
392.409276 463.528638 
404.164413 462.218502 
415.988700 462.120420 
427.729634 463.527034 
439.153931 466.540656 
449.554317 472.106015 
458.032124 480.313268 
465.030416 489.847201 
471.447583 499.786969 
477.746863 509.801535 
483.457617 520.161151 
488.540871 530.843912 
493.473057 541.598276 
497.604348 552.677208 
500.440836 564.159425 
502.477455 575.813431 
504.134255 587.528181 
505.583889 599.270539 
506.915846 611.026885 
508.189071 622.789759 
509.362247 634.562942 
510.400171 646.348875 
511.356902 658.141702 
512.271843 669.937856 
513.181574 681.734413 
514.136647 693.527363 
515.221068 705.309069 
516.388722 717.082893 
517.431237 728.868245 
518.150076 740.677489 
518.603980 752.500301 
518.911885 764.327774 
519.020366 776.158691 
518.892264 787.989373 
518.512657 799.814640 
517.846934 811.627189 
516.972100 823.426313 
515.984723 835.216601 
514.929080 847.000989 
513.834894 858.781868 
512.742396 870.562900 
512.380249 874.696350 
