800.054993 601.482056 
788.417757 603.590426 
776.676828 602.799009 
765.733602 598.347784 
755.110907 593.138501 
744.158277 588.678213 
732.785615 585.429558 
721.245447 582.821845 
709.662259 580.410257 
698.090540 577.944653 
686.591598 575.162565 
675.236293 571.841209 
663.959523 568.261945 
652.855316 564.182627 
642.094279 559.273922 
631.945071 553.213329 
622.694526 545.844194 
613.867317 537.966193 
604.829310 530.335080 
594.861450 523.988444 
584.074511 519.144647 
572.903160 515.250818 
561.679565 511.508804 
550.228839 508.535796 
538.931789 505.047294 
528.229783 500.014816 
517.906868 494.236668 
507.955845 487.840525 
498.661707 480.534346 
490.840293 471.677131 
483.779427 462.184113 
476.119972 453.167676 
468.397747 444.204682 
459.918561 435.965587 
450.482586 428.831485 
440.685439 422.202613 
430.248181 416.650364 
419.011275 413.016888 
407.257102 411.804919 
395.433210 412.101684 
383.660021 413.259144 
371.958434 415.002195 
360.363300 417.341975 
349.103894 420.944393 
338.637977 426.422694 
329.564816 433.978047 
322.221122 443.231702 
317.259399 453.918086 
316.803588 465.660593 
321.253381 476.485681 
330.850210 483.120156 
342.557290 484.072963 
353.998843 481.134768 
365.105629 477.059291 
376.205458 472.964597 
387.571083 469.692339 
399.071377 466.917050 
410.797218 465.462613 
422.576211 466.385904 
434.104588 469.011358 
445.145301 473.229915 
455.068177 479.610339 
463.129766 488.245766 
470.017916 497.862402 
476.577451 507.708533 
482.422077 517.991766 
487.549145 528.653401 
492.488249 539.404663 
496.877898 550.385119 
499.944621 561.806698 
502.102519 573.438349 
503.818099 585.144561 
505.301121 596.882729 
506.651525 608.636963 
507.933192 620.398918 
509.136668 632.169052 
510.197402 643.952945 
511.167076 655.744712 
512.087430 667.540443 
512.995117 679.337159 
513.934855 691.131351 
514.989279 702.915773 
516.153410 714.689940 
517.241094 726.471280 
518.034070 738.275799 
518.522166 750.097202 
518.863864 761.923761 
519.016433 773.754204 
518.938444 785.585328 
518.610842 797.412156 
518.004078 809.227837 
517.160923 821.029246 
516.191942 832.821055 
515.147751 844.606460 
514.058974 856.387839 
512.960362 868.168307 
512.380249 874.696350 
