799.991211 607.396057 
788.170281 607.862726 
776.430130 606.643174 
765.475074 602.250855 
754.972204 596.804335 
744.055262 592.262982 
732.675178 589.039918 
721.134728 586.433244 
709.553055 584.014384 
697.980777 581.551319 
686.476880 578.789538 
675.080245 575.611277 
663.722091 572.299417 
652.577810 568.336444 
641.927740 563.199550 
632.157810 556.549155 
623.208194 548.813724 
614.506018 540.797649 
605.453009 533.186458 
595.493282 526.814524 
584.910289 521.533190 
573.994510 516.970890 
562.954229 512.722017 
551.619837 509.332123 
540.371750 505.675566 
529.638155 500.711408 
519.269396 495.015570 
509.250703 488.725676 
499.825639 481.585540 
491.794070 472.922448 
484.740679 463.423664 
477.147910 454.352425 
469.520774 445.307811 
461.182823 436.926605 
451.635937 429.952612 
441.499213 423.856847 
430.817082 418.784997 
419.532565 415.275298 
407.798237 413.876170 
395.971848 414.006628 
384.188020 415.048375 
372.471514 416.688320 
360.875625 419.020612 
349.612032 422.612771 
339.140725 428.075426 
330.180174 435.763128 
323.185783 445.272247 
319.148515 456.338325 
318.536208 468.113571 
323.078157 478.779432 
333.419692 484.183383 
345.181595 484.401886 
356.562445 481.210636 
367.664216 477.120500 
378.821937 473.189777 
390.300862 470.336363 
401.980396 468.508083 
413.799402 468.653776 
425.554046 469.979568 
437.143621 472.330676 
448.186953 476.503608 
457.463548 483.768698 
464.939786 492.929524 
472.151025 502.308393 
479.380641 511.672967 
485.859635 521.566317 
491.146410 532.144570 
495.512573 543.138108 
499.072046 554.419234 
501.935479 565.897626 
504.207126 577.507932 
506.023966 589.198727 
507.550699 600.931210 
508.897233 612.685856 
510.140124 624.451956 
511.230069 636.233098 
512.166093 648.027550 
513.008712 659.829075 
513.797910 671.634305 
514.568914 683.440742 
515.367266 695.245349 
516.231901 707.045288 
517.088857 718.845775 
517.787093 730.656553 
518.224208 742.479816 
518.488162 754.308421 
518.626790 766.139116 
518.594828 777.970535 
518.364825 789.799740 
517.925884 801.623021 
517.249904 813.435123 
516.419935 825.237520 
515.505253 837.033681 
514.538767 848.825719 
513.544166 860.615425 
512.560175 872.406013 
512.380249 874.696350 
