799.470825 604.602600 
787.647935 605.008102 
775.937252 603.555716 
764.978029 599.145923 
754.344531 593.958983 
743.362259 589.572675 
732.003143 586.270705 
720.516546 583.435424 
708.994798 580.745534 
697.482861 578.014218 
686.037503 575.018250 
674.619016 571.919779 
663.228246 568.723871 
652.149374 564.590714 
641.737586 558.994851 
632.183306 552.024208 
623.068130 544.481595 
613.933270 536.963127 
604.292465 530.113507 
594.176975 523.978862 
583.749518 518.391413 
573.028612 513.389918 
561.920457 509.339884 
550.488197 506.294423 
539.168743 502.867484 
528.288335 498.226545 
517.669767 493.011121 
507.421728 487.104781 
497.984975 479.994590 
490.253405 471.061463 
483.242007 461.532503 
475.447265 452.634080 
467.399869 443.961305 
459.020508 435.609944 
450.629475 427.273800 
442.516481 418.663704 
433.304713 411.281257 
422.263537 407.238238 
410.463764 406.681644 
398.685588 407.757680 
387.016408 409.701980 
375.446073 412.171666 
364.094543 415.482649 
353.211625 420.109952 
342.822681 425.765141 
332.932608 432.249074 
324.499624 440.487468 
319.863517 451.276445 
319.569532 463.029887 
325.756334 472.811061 
336.253681 478.093879 
347.974249 478.861770 
359.418598 475.912147 
370.611628 472.078190 
381.981777 468.829256 
393.519613 466.210612 
405.246740 464.763825 
417.045958 465.482545 
428.706984 467.460039 
440.088193 470.664070 
450.655957 475.913835 
459.463578 483.771087 
466.955057 492.925783 
474.061330 502.383920 
480.611823 512.234606 
486.504545 522.491448 
491.572550 533.179385 
495.836056 544.213138 
499.303966 555.523035 
502.184241 566.997894 
504.667744 578.565436 
506.839505 590.195711 
508.748401 601.872068 
510.411988 613.585901 
511.826341 625.332408 
512.944622 637.110687 
513.808000 648.910582 
514.499334 660.721880 
515.070865 672.539619 
515.561589 684.361009 
516.005974 696.184238 
516.332833 708.011196 
516.455865 719.841977 
516.380975 731.673232 
516.199209 743.503413 
516.037977 755.333896 
515.820975 767.163432 
515.414787 778.987839 
514.728353 790.799153 
513.707043 802.586122 
512.358651 814.340413 
510.832406 826.073085 
509.205184 837.792217 
507.516791 849.502707 
505.799654 861.209022 
504.202820 872.339539 
