800.282715 600.217102 
788.493873 601.039558 
776.949541 598.643897 
766.047692 594.055362 
755.334007 589.035167 
744.556959 584.153715 
733.500480 579.954610 
722.071245 576.910243 
710.466110 574.609902 
698.853026 572.348883 
687.335650 569.641697 
675.782718 567.089202 
664.301281 564.238508 
653.120591 560.389923 
642.672674 554.871181 
633.122579 547.895350 
624.055092 540.295786 
614.992965 532.689996 
605.555467 525.554964 
596.076373 518.476337 
585.906031 512.452114 
574.950470 508.010502 
563.629312 504.576204 
552.261073 501.298038 
541.075699 497.453355 
530.194805 492.809083 
519.595736 487.556598 
509.500741 481.396148 
500.291664 473.984134 
491.989315 465.558143 
484.018222 456.816301 
476.737955 447.491469 
469.315264 438.281449 
460.854603 430.026039 
451.709979 422.519698 
442.163380 415.534972 
431.985752 409.516280 
420.971920 405.251227 
409.326694 403.238213 
397.507298 402.865830 
385.707251 403.676354 
374.024157 405.514409 
362.674406 408.825341 
351.816043 413.508493 
341.584717 419.434840 
332.610044 427.105348 
325.610169 436.613982 
321.040914 447.492203 
320.179387 459.199912 
327.183038 468.231940 
338.302536 472.107560 
350.058496 472.061618 
361.309683 468.441907 
372.366148 464.233087 
383.739661 460.978527 
395.321674 458.676044 
407.124279 459.191107 
418.815206 460.996464 
430.360202 463.573349 
441.604545 467.228741 
451.920496 472.963691 
460.501717 481.072336 
467.799781 490.382050 
474.470538 500.149769 
480.453443 510.355371 
485.900864 520.857047 
490.827657 531.612785 
495.187388 542.609912 
498.813785 553.869823 
501.789668 565.319944 
504.327105 576.875714 
506.540261 588.498166 
508.485759 600.168473 
510.185065 611.877183 
511.636771 623.619145 
512.769483 635.395854 
513.583999 647.199163 
514.214139 659.013895 
514.758086 670.832963 
515.308184 682.651741 
515.988219 694.463601 
516.927879 706.257581 
518.025352 718.038147 
518.971726 729.831430 
519.465115 741.651743 
519.574241 753.482672 
519.460290 765.313495 
519.077160 777.138589 
518.399320 788.950432 
517.421420 800.741216 
516.098235 812.498217 
514.544921 824.227302 
512.866328 835.939174 
511.111782 847.639930 
509.318350 859.334799 
507.551320 871.033656 
507.426910 871.908813 
