802.275574 594.090149 
790.498591 595.121458 
778.868753 593.184401 
767.820497 588.961854 
756.965120 584.255942 
746.058156 579.672063 
734.915108 575.701796 
723.591827 572.273021 
712.174697 569.169877 
700.705797 566.263116 
689.142169 563.776468 
677.440951 562.026618 
665.817728 559.838747 
654.635469 556.024244 
644.274582 550.329988 
634.509228 543.653404 
625.030755 536.572461 
615.537863 529.511042 
606.192740 522.259278 
597.095511 514.695314 
587.290264 508.097179 
576.509692 503.248022 
565.297394 499.475144 
553.992628 495.984059 
542.805509 492.135093 
531.605005 488.322816 
520.604117 483.982960 
510.513442 477.850806 
501.864067 469.794738 
493.703835 461.227921 
485.577548 452.629683 
477.622318 443.871806 
469.491805 435.277346 
460.971361 427.069381 
452.591180 418.717511 
443.946731 410.644012 
434.304724 403.817020 
423.350434 399.432982 
411.714942 397.344661 
399.909824 396.618237 
388.083518 396.865704 
376.309640 398.000905 
364.758675 400.511072 
353.690166 404.665598 
343.284071 410.276774 
334.104899 417.682661 
327.789054 427.632635 
323.816861 438.767196 
322.077839 450.437472 
325.931588 461.206542 
336.910968 465.198257 
348.683795 464.914165 
360.157421 462.037344 
371.588442 458.993645 
382.824812 455.289700 
394.381321 452.841064 
406.190431 453.069361 
417.885254 454.837078 
429.385030 457.603557 
440.527334 461.558116 
450.699827 467.540961 
459.072556 475.865346 
466.088610 485.388506 
472.630819 495.244234 
478.479861 505.527005 
483.814679 516.086647 
488.739468 526.843888 
493.329652 537.748281 
497.360609 548.869558 
500.592105 560.249055 
503.187030 571.791469 
505.321333 583.428515 
507.183347 595.112504 
508.873141 606.822729 
510.445734 618.549304 
511.938208 630.286363 
513.318841 642.037028 
514.548577 653.804463 
515.650469 665.584578 
516.643346 677.374394 
517.542759 689.171717 
518.346822 700.975899 
519.007004 712.788958 
519.495594 724.610344 
519.826474 736.437236 
520.057127 748.266565 
520.264891 760.096318 
520.385506 771.927231 
520.341871 783.758600 
520.067618 795.586772 
519.501100 807.404393 
518.620390 819.202948 
517.557671 830.986646 
516.389304 842.760378 
515.158818 854.527797 
513.912725 866.293578 
513.339233 871.990051 
