800.401611 591.998474 
788.571092 591.974535 
777.042523 589.705636 
766.751994 583.879118 
755.771459 579.484981 
744.584276 575.635215 
733.275162 572.160084 
721.847428 569.097104 
710.357700 566.273792 
698.857049 563.495054 
687.286910 561.027407 
675.671269 558.777754 
664.165750 556.031132 
653.068740 551.962904 
642.720541 546.244390 
632.981135 539.529903 
623.414756 532.567931 
614.045920 525.347229 
604.995184 517.726911 
595.599961 510.542990 
585.261348 504.823318 
574.171191 500.717468 
562.841334 497.309149 
551.577974 493.688020 
540.215842 490.389502 
528.981261 486.692516 
518.394441 481.443013 
508.617513 474.788125 
499.377759 467.400721 
490.519939 459.558698 
482.614745 450.771330 
475.130019 441.611312 
467.106034 432.917304 
459.308392 424.018907 
451.137799 415.465605 
442.046677 407.911741 
431.654793 402.304219 
420.464383 398.484263 
408.938174 395.829760 
397.234128 394.117093 
385.430493 393.362063 
373.636736 394.122282 
362.109917 396.744646 
351.017971 400.843791 
340.458480 406.161684 
331.132813 413.408151 
323.288827 422.248809 
317.763801 432.622091 
317.253221 444.374582 
321.868293 455.017193 
332.125297 460.694961 
343.859229 461.653069 
355.454776 459.390796 
366.843859 456.185693 
378.325363 453.339173 
390.049409 451.827285 
401.869319 451.329189 
413.694824 451.590850 
425.419474 453.108040 
436.643481 456.766437 
446.733953 462.897386 
455.416733 470.914961 
463.034440 479.963078 
469.758314 489.691643 
475.683322 499.930891 
481.119043 510.439096 
486.190891 521.127948 
490.887269 531.986386 
494.694595 543.182538 
497.421304 554.693642 
499.871755 566.268680 
502.147422 577.879149 
504.223281 589.527100 
506.146431 601.201272 
507.939317 612.896173 
509.606714 624.609612 
511.139962 636.341380 
512.571400 648.086028 
513.923330 659.840102 
515.207662 671.601759 
516.428947 683.370129 
517.607297 695.142889 
518.745582 706.919565 
519.739322 718.709199 
520.486368 730.516902 
520.952002 742.339090 
521.230415 754.167319 
521.340331 765.998277 
521.254617 777.829405 
520.953642 789.656990 
520.425733 801.476601 
519.618896 813.280346 
518.598253 825.067745 
517.457812 836.844209 
516.243882 848.613343 
514.989174 860.378208 
513.744687 872.144148 
513.484741 874.757080 
