#	FusionResult
# m_RigidTransform3DInWorldCS[0]
1.000000 0.000000 0.000000 29.946392 
0.000000 1.000000 0.000000 -5.799931 
0.000000 -0.000000 1.000000 -15.887870 
0.000000 0.000000 0.000000 1.000000 
# m_TipVesselId[0] (only from ShapeSimilarity2D3D)
294
# m_LeafVesselId[0] (only from ShapeSimilarity2D3D)
294
# m_SelectedVesselRank[0] (only from ShapeSimilarity2D3D)
0
# m_FusionTipVesselId[0]
294
# m_FusionMetric[0] (only from ShapeSimilarity2D3D)
0.000000
# m_ShapeSimilarityMetric[0] (only from ShapeSimilarity2D3D)
0.000000
# m_NormalizedAlphaTree
0.000000000000e+000 0.000000000000e+000 0.000000000000e+000 0.000000000000e+000 0.000000000000e+000 0.000000000000e+000 0.000000000000e+000 0.000000000000e+000 0.000000000000e+000 0.000000000000e+000 0.000000000000e+000 0.000000000000e+000 0.000000000000e+000 0.000000000000e+000 0.000000000000e+000 0.000000000000e+000 0.000000000000e+000 0.000000000000e+000 0.000000000000e+000 0.000000000000e+000 0.000000000000e+000 0.000000000000e+000 0.000000000000e+000 0.000000000000e+000 0.000000000000e+000 0.000000000000e+000 0.000000000000e+000 0.000000000000e+000 0.000000000000e+000 0.000000000000e+000 0.000000000000e+000 0.000000000000e+000 0.000000000000e+000 0.000000000000e+000 0.000000000000e+000 0.000000000000e+000 0.000000000000e+000 0.000000000000e+000 0.000000000000e+000 0.000000000000e+000 0.000000000000e+000 0.000000000000e+000 0.000000000000e+000 0.000000000000e+000 0.000000000000e+000 0.000000000000e+000 0.000000000000e+000 0.000000000000e+000 0.000000000000e+000 0.000000000000e+000 0.000000000000e+000 0.000000000000e+000 0.000000000000e+000 0.000000000000e+000 0.000000000000e+000 0.000000000000e+000 0.000000000000e+000 0.000000000000e+000 0.000000000000e+000 0.000000000000e+000 0.000000000000e+000 0.000000000000e+000 0.000000000000e+000 0.000000000000e+000 0.000000000000e+000 0.000000000000e+000 0.000000000000e+000 0.000000000000e+000 0.000000000000e+000 0.000000000000e+000 0.000000000000e+000 0.000000000000e+000 0.000000000000e+000 0.000000000000e+000 0.000000000000e+000 0.000000000000e+000 0.000000000000e+000 0.000000000000e+000 0.000000000000e+000 0.000000000000e+000 0.000000000000e+000 0.000000000000e+000 0.000000000000e+000 0.000000000000e+000 0.000000000000e+000 0.000000000000e+000 0.000000000000e+000 0.000000000000e+000 0.000000000000e+000 0.000000000000e+000 0.000000000000e+000 0.000000000000e+000 0.000000000000e+000 0.000000000000e+000 0.000000000000e+000 0.000000000000e+000 0.000000000000e+000 0.000000000000e+000 0.000000000000e+000 0.000000000000e+000 0.000000000000e+000 0.000000000000e+000 0.000000000000e+000 0.000000000000e+000 0.000000000000e+000 0.000000000000e+000 0.000000000000e+000 0.000000000000e+000 0.000000000000e+000 0.000000000000e+000 0.000000000000e+000 0.000000000000e+000 0.000000000000e+000 0.000000000000e+000 0.000000000000e+000 0.000000000000e+000 0.000000000000e+000 0.000000000000e+000 0.000000000000e+000 0.000000000000e+000 0.000000000000e+000 0.000000000000e+000 0.000000000000e+000 0.000000000000e+000 0.000000000000e+000 0.000000000000e+000 0.000000000000e+000 0.000000000000e+000 0.000000000000e+000 0.000000000000e+000 0.000000000000e+000 0.000000000000e+000 0.000000000000e+000 0.000000000000e+000 0.000000000000e+000 0.000000000000e+000 0.000000000000e+000 0.000000000000e+000 0.000000000000e+000 0.000000000000e+000 0.000000000000e+000 0.000000000000e+000 0.000000000000e+000 0.000000000000e+000 0.000000000000e+000 0.000000000000e+000 0.000000000000e+000 0.000000000000e+000 0.000000000000e+000 0.000000000000e+000 0.000000000000e+000 0.000000000000e+000 0.000000000000e+000 0.000000000000e+000 0.000000000000e+000 0.000000000000e+000 0.000000000000e+000 0.000000000000e+000 0.000000000000e+000 0.000000000000e+000 0.000000000000e+000 0.000000000000e+000 0.000000000000e+000 0.000000000000e+000 0.000000000000e+000 0.000000000000e+000 0.000000000000e+000 0.000000000000e+000 0.000000000000e+000 0.000000000000e+000 0.000000000000e+000 0.000000000000e+000 0.000000000000e+000 0.000000000000e+000 0.000000000000e+000 0.000000000000e+000 0.000000000000e+000 0.000000000000e+000 0.000000000000e+000 0.000000000000e+000 0.000000000000e+000 0.000000000000e+000 0.000000000000e+000 0.000000000000e+000 0.000000000000e+000 0.000000000000e+000 0.000000000000e+000 0.000000000000e+000 0.000000000000e+000 0.000000000000e+000 0.000000000000e+000 0.000000000000e+000 0.000000000000e+000 0.000000000000e+000 0.000000000000e+000 0.000000000000e+000 0.000000000000e+000 0.000000000000e+000 0.000000000000e+000 0.000000000000e+000 0.000000000000e+000 0.000000000000e+000 0.000000000000e+000 0.000000000000e+000 0.000000000000e+000 0.000000000000e+000 0.000000000000e+000 0.000000000000e+000 0.000000000000e+000 0.000000000000e+000 0.000000000000e+000 0.000000000000e+000 0.000000000000e+000 0.000000000000e+000 0.000000000000e+000 0.000000000000e+000 0.000000000000e+000 0.000000000000e+000 0.000000000000e+000 0.000000000000e+000 0.000000000000e+000 0.000000000000e+000 0.000000000000e+000 0.000000000000e+000 0.000000000000e+000 0.000000000000e+000 0.000000000000e+000 0.000000000000e+000 0.000000000000e+000 0.000000000000e+000 0.000000000000e+000 0.000000000000e+000 0.000000000000e+000 0.000000000000e+000 0.000000000000e+000 0.000000000000e+000 0.000000000000e+000 0.000000000000e+000 0.000000000000e+000 0.000000000000e+000 0.000000000000e+000 0.000000000000e+000 0.000000000000e+000 0.000000000000e+000 0.000000000000e+000 0.000000000000e+000 0.000000000000e+000 0.000000000000e+000 0.000000000000e+000 0.000000000000e+000 0.000000000000e+000 0.000000000000e+000 0.000000000000e+000 0.000000000000e+000 0.000000000000e+000 0.000000000000e+000 0.000000000000e+000 0.000000000000e+000 0.000000000000e+000 0.000000000000e+000 0.000000000000e+000 0.000000000000e+000 0.000000000000e+000 0.000000000000e+000 0.000000000000e+000 0.000000000000e+000 0.000000000000e+000 0.000000000000e+000 0.000000000000e+000 0.000000000000e+000 0.000000000000e+000 0.000000000000e+000 0.000000000000e+000 0.000000000000e+000 0.000000000000e+000 0.000000000000e+000 0.000000000000e+000 0.000000000000e+000 0.000000000000e+000 0.000000000000e+000 0.000000000000e+000 0.000000000000e+000 0.000000000000e+000 0.000000000000e+000 0.000000000000e+000 0.000000000000e+000 0.000000000000e+000 0.000000000000e+000 0.000000000000e+000 0.000000000000e+000 0.000000000000e+000 0.000000000000e+000 0.000000000000e+000 0.000000000000e+000 1.000000000000e+000 0.000000000000e+000 0.000000000000e+000 0.000000000000e+000 0.000000000000e+000 0.000000000000e+000 0.000000000000e+000 0.000000000000e+000 0.000000000000e+000 0.000000000000e+000 0.000000000000e+000 0.000000000000e+000 0.000000000000e+000 0.000000000000e+000 0.000000000000e+000 0.000000000000e+000 0.000000000000e+000 0.000000000000e+000 0.000000000000e+000 0.000000000000e+000 0.000000000000e+000 0.000000000000e+000 0.000000000000e+000 0.000000000000e+000 0.000000000000e+000 0.000000000000e+000 0.000000000000e+000 0.000000000000e+000 0.000000000000e+000 0.000000000000e+000 0.000000000000e+000 0.000000000000e+000 0.000000000000e+000 0.000000000000e+000 0.000000000000e+000 0.000000000000e+000 0.000000000000e+000 0.000000000000e+000 0.000000000000e+000 0.000000000000e+000 0.000000000000e+000 0.000000000000e+000 0.000000000000e+000 0.000000000000e+000 0.000000000000e+000 0.000000000000e+000 0.000000000000e+000 0.000000000000e+000 0.000000000000e+000 0.000000000000e+000 0.000000000000e+000 0.000000000000e+000 0.000000000000e+000 0.000000000000e+000 0.000000000000e+000 0.000000000000e+000 0.000000000000e+000 0.000000000000e+000 0.000000000000e+000 0.000000000000e+000 0.000000000000e+000 0.000000000000e+000 0.000000000000e+000 0.000000000000e+000 0.000000000000e+000 0.000000000000e+000 0.000000000000e+000 0.000000000000e+000 0.000000000000e+000 0.000000000000e+000 0.000000000000e+000 0.000000000000e+000 0.000000000000e+000 0.000000000000e+000 0.000000000000e+000 0.000000000000e+000 0.000000000000e+000 0.000000000000e+000 0.000000000000e+000 0.000000000000e+000 0.000000000000e+000 0.000000000000e+000 0.000000000000e+000 0.000000000000e+000 0.000000000000e+000 0.000000000000e+000 0.000000000000e+000 0.000000000000e+000 0.000000000000e+000 0.000000000000e+000 0.000000000000e+000 0.000000000000e+000 0.000000000000e+000 0.000000000000e+000 0.000000000000e+000 0.000000000000e+000 0.000000000000e+000 0.000000000000e+000 0.000000000000e+000 0.000000000000e+000 0.000000000000e+000 0.000000000000e+000 0.000000000000e+000 0.000000000000e+000 0.000000000000e+000 0.000000000000e+000 0.000000000000e+000 0.000000000000e+000 0.000000000000e+000 0.000000000000e+000 0.000000000000e+000 0.000000000000e+000 0.000000000000e+000 0.000000000000e+000 0.000000000000e+000 0.000000000000e+000 0.000000000000e+000 0.000000000000e+000 0.000000000000e+000 0.000000000000e+000 0.000000000000e+000 0.000000000000e+000 0.000000000000e+000 0.000000000000e+000 0.000000000000e+000 0.000000000000e+000 0.000000000000e+000 0.000000000000e+000 0.000000000000e+000 0.000000000000e+000 0.000000000000e+000 0.000000000000e+000 0.000000000000e+000 0.000000000000e+000 0.000000000000e+000 0.000000000000e+000 0.000000000000e+000 0.000000000000e+000 0.000000000000e+000 0.000000000000e+000 0.000000000000e+000 0.000000000000e+000 0.000000000000e+000 0.000000000000e+000 0.000000000000e+000 0.000000000000e+000 0.000000000000e+000 0.000000000000e+000 0.000000000000e+000 0.000000000000e+000 0.000000000000e+000 0.000000000000e+000 0.000000000000e+000 0.000000000000e+000 0.000000000000e+000 0.000000000000e+000 0.000000000000e+000 0.000000000000e+000 0.000000000000e+000 0.000000000000e+000 0.000000000000e+000 0.000000000000e+000 0.000000000000e+000 0.000000000000e+000 0.000000000000e+000 0.000000000000e+000 0.000000000000e+000 0.000000000000e+000 0.000000000000e+000 0.000000000000e+000 0.000000000000e+000 0.000000000000e+000 0.000000000000e+000 0.000000000000e+000 0.000000000000e+000 0.000000000000e+000 0.000000000000e+000 0.000000000000e+000 0.000000000000e+000 0.000000000000e+000 0.000000000000e+000 0.000000000000e+000 0.000000000000e+000 0.000000000000e+000 0.000000000000e+000 0.000000000000e+000 0.000000000000e+000 0.000000000000e+000 0.000000000000e+000 0.000000000000e+000 0.000000000000e+000 0.000000000000e+000 0.000000000000e+000 0.000000000000e+000 0.000000000000e+000 0.000000000000e+000 0.000000000000e+000 0.000000000000e+000 0.000000000000e+000 0.000000000000e+000 0.000000000000e+000 0.000000000000e+000 0.000000000000e+000 0.000000000000e+000 0.000000000000e+000 0.000000000000e+000 0.000000000000e+000 0.000000000000e+000 0.000000000000e+000 0.000000000000e+000 0.000000000000e+000 0.000000000000e+000 0.000000000000e+000 0.000000000000e+000 0.000000000000e+000 0.000000000000e+000 0.000000000000e+000 0.000000000000e+000 0.000000000000e+000 0.000000000000e+000 0.000000000000e+000 0.000000000000e+000 0.000000000000e+000 0.000000000000e+000 0.000000000000e+000 0.000000000000e+000 0.000000000000e+000 0.000000000000e+000 0.000000000000e+000 0.000000000000e+000 0.000000000000e+000 0.000000000000e+000 0.000000000000e+000 0.000000000000e+000 0.000000000000e+000 0.000000000000e+000 0.000000000000e+000 0.000000000000e+000 0.000000000000e+000 0.000000000000e+000 0.000000000000e+000 0.000000000000e+000 0.000000000000e+000 0.000000000000e+000 0.000000000000e+000 0.000000000000e+000 0.000000000000e+000 0.000000000000e+000 0.000000000000e+000 0.000000000000e+000 0.000000000000e+000 0.000000000000e+000 0.000000000000e+000 0.000000000000e+000 0.000000000000e+000 0.000000000000e+000 0.000000000000e+000 0.000000000000e+000 0.000000000000e+000 0.000000000000e+000 0.000000000000e+000 0.000000000000e+000 0.000000000000e+000 0.000000000000e+000 0.000000000000e+000 0.000000000000e+000 0.000000000000e+000 0.000000000000e+000 0.000000000000e+000 0.000000000000e+000 0.000000000000e+000 0.000000000000e+000 0.000000000000e+000 0.000000000000e+000 0.000000000000e+000 0.000000000000e+000 0.000000000000e+000 0.000000000000e+000 0.000000000000e+000 0.000000000000e+000 0.000000000000e+000 0.000000000000e+000 0.000000000000e+000 0.000000000000e+000 0.000000000000e+000 0.000000000000e+000 0.000000000000e+000 0.000000000000e+000 0.000000000000e+000 0.000000000000e+000 0.000000000000e+000 0.000000000000e+000 0.000000000000e+000 0.000000000000e+000 0.000000000000e+000 0.000000000000e+000 0.000000000000e+000 0.000000000000e+000 0.000000000000e+000 0.000000000000e+000 0.000000000000e+000 0.000000000000e+000 0.000000000000e+000 0.000000000000e+000 0.000000000000e+000 0.000000000000e+000 0.000000000000e+000 0.000000000000e+000 0.000000000000e+000 0.000000000000e+000 0.000000000000e+000 0.000000000000e+000 0.000000000000e+000 0.000000000000e+000 0.000000000000e+000 0.000000000000e+000 0.000000000000e+000 0.000000000000e+000 0.000000000000e+000 0.000000000000e+000 0.000000000000e+000 0.000000000000e+000 0.000000000000e+000 0.000000000000e+000 0.000000000000e+000 0.000000000000e+000 0.000000000000e+000 0.000000000000e+000 0.000000000000e+000 0.000000000000e+000 0.000000000000e+000 0.000000000000e+000 0.000000000000e+000 0.000000000000e+000 0.000000000000e+000 0.000000000000e+000 0.000000000000e+000 0.000000000000e+000 0.000000000000e+000 0.000000000000e+000 0.000000000000e+000 0.000000000000e+000 0.000000000000e+000 0.000000000000e+000 0.000000000000e+000 0.000000000000e+000 0.000000000000e+000 0.000000000000e+000 0.000000000000e+000 0.000000000000e+000 0.000000000000e+000 0.000000000000e+000 0.000000000000e+000 0.000000000000e+000 0.000000000000e+000 0.000000000000e+000 0.000000000000e+000 0.000000000000e+000 0.000000000000e+000 0.000000000000e+000 0.000000000000e+000 0.000000000000e+000 0.000000000000e+000 0.000000000000e+000 0.000000000000e+000 0.000000000000e+000 0.000000000000e+000 0.000000000000e+000 0.000000000000e+000 0.000000000000e+000 0.000000000000e+000 0.000000000000e+000 0.000000000000e+000 0.000000000000e+000 0.000000000000e+000 0.000000000000e+000 0.000000000000e+000 0.000000000000e+000 0.000000000000e+000 0.000000000000e+000 0.000000000000e+000 0.000000000000e+000 0.000000000000e+000 0.000000000000e+000 0.000000000000e+000 0.000000000000e+000 0.000000000000e+000 0.000000000000e+000 0.000000000000e+000 0.000000000000e+000 0.000000000000e+000 0.000000000000e+000 0.000000000000e+000 0.000000000000e+000 0.000000000000e+000 0.000000000000e+000 0.000000000000e+000 0.000000000000e+000 0.000000000000e+000 0.000000000000e+000 0.000000000000e+000 0.000000000000e+000 0.000000000000e+000 0.000000000000e+000 0.000000000000e+000 0.000000000000e+000 0.000000000000e+000 0.000000000000e+000 0.000000000000e+000 0.000000000000e+000 0.000000000000e+000 0.000000000000e+000 0.000000000000e+000 0.000000000000e+000 0.000000000000e+000 0.000000000000e+000 0.000000000000e+000 0.000000000000e+000 0.000000000000e+000 0.000000000000e+000 0.000000000000e+000 0.000000000000e+000 0.000000000000e+000 0.000000000000e+000 0.000000000000e+000 0.000000000000e+000 0.000000000000e+000 0.000000000000e+000 0.000000000000e+000 0.000000000000e+000 0.000000000000e+000 0.000000000000e+000 0.000000000000e+000 0.000000000000e+000 
# m_DeltaTree
-1.000000000000e+307 -1.000000000000e+307 -1.000000000000e+307 -1.000000000000e+307 -1.000000000000e+307 -1.000000000000e+307 -1.000000000000e+307 -1.000000000000e+307 -1.000000000000e+307 -1.000000000000e+307 -1.000000000000e+307 -1.000000000000e+307 -1.000000000000e+307 -1.000000000000e+307 -1.000000000000e+307 -1.000000000000e+307 -1.000000000000e+307 -1.000000000000e+307 -1.000000000000e+307 -1.000000000000e+307 -1.000000000000e+307 -1.000000000000e+307 -1.000000000000e+307 -1.000000000000e+307 -1.000000000000e+307 -1.000000000000e+307 -1.000000000000e+307 -1.000000000000e+307 -1.000000000000e+307 -1.000000000000e+307 -1.000000000000e+307 -1.000000000000e+307 -1.000000000000e+307 -1.000000000000e+307 -1.000000000000e+307 -1.000000000000e+307 -1.000000000000e+307 -1.000000000000e+307 -1.000000000000e+307 -1.000000000000e+307 -1.000000000000e+307 -1.000000000000e+307 -1.000000000000e+307 -1.000000000000e+307 -1.000000000000e+307 -1.000000000000e+307 -1.000000000000e+307 -1.000000000000e+307 -1.000000000000e+307 -1.000000000000e+307 -1.000000000000e+307 -1.000000000000e+307 -1.000000000000e+307 -1.000000000000e+307 -1.000000000000e+307 -1.000000000000e+307 -1.000000000000e+307 -1.000000000000e+307 -1.000000000000e+307 -1.000000000000e+307 -1.000000000000e+307 -1.000000000000e+307 -1.000000000000e+307 -1.000000000000e+307 -1.000000000000e+307 -1.000000000000e+307 -1.000000000000e+307 -1.000000000000e+307 -1.000000000000e+307 -1.000000000000e+307 -1.000000000000e+307 -1.000000000000e+307 -1.000000000000e+307 -1.000000000000e+307 -1.000000000000e+307 -1.000000000000e+307 -1.000000000000e+307 -1.000000000000e+307 -1.000000000000e+307 -1.000000000000e+307 -1.000000000000e+307 -1.000000000000e+307 -1.000000000000e+307 -1.000000000000e+307 -1.000000000000e+307 -1.000000000000e+307 -1.000000000000e+307 -1.000000000000e+307 -1.000000000000e+307 -1.000000000000e+307 -1.000000000000e+307 -1.000000000000e+307 -1.000000000000e+307 -1.000000000000e+307 -1.000000000000e+307 -1.000000000000e+307 -1.000000000000e+307 -1.000000000000e+307 -1.000000000000e+307 -1.000000000000e+307 -1.000000000000e+307 -1.000000000000e+307 -1.000000000000e+307 -1.000000000000e+307 -1.000000000000e+307 -1.000000000000e+307 -1.000000000000e+307 -1.000000000000e+307 -1.000000000000e+307 -1.000000000000e+307 -1.000000000000e+307 -1.000000000000e+307 -1.000000000000e+307 -1.000000000000e+307 -1.000000000000e+307 -1.000000000000e+307 -1.000000000000e+307 -1.000000000000e+307 -1.000000000000e+307 -1.000000000000e+307 -1.000000000000e+307 -1.000000000000e+307 -1.000000000000e+307 -1.000000000000e+307 -1.000000000000e+307 -1.000000000000e+307 -1.000000000000e+307 -1.000000000000e+307 -1.000000000000e+307 -1.000000000000e+307 -1.000000000000e+307 -1.000000000000e+307 -1.000000000000e+307 -1.000000000000e+307 -1.000000000000e+307 -1.000000000000e+307 -1.000000000000e+307 -1.000000000000e+307 -1.000000000000e+307 -1.000000000000e+307 -1.000000000000e+307 -1.000000000000e+307 -1.000000000000e+307 -1.000000000000e+307 -1.000000000000e+307 -1.000000000000e+307 -1.000000000000e+307 -1.000000000000e+307 -1.000000000000e+307 -1.000000000000e+307 -1.000000000000e+307 -1.000000000000e+307 -1.000000000000e+307 -1.000000000000e+307 -1.000000000000e+307 -1.000000000000e+307 -1.000000000000e+307 -1.000000000000e+307 -1.000000000000e+307 -1.000000000000e+307 -1.000000000000e+307 -1.000000000000e+307 -1.000000000000e+307 -1.000000000000e+307 -1.000000000000e+307 -1.000000000000e+307 -1.000000000000e+307 -1.000000000000e+307 -1.000000000000e+307 -1.000000000000e+307 -1.000000000000e+307 -1.000000000000e+307 -1.000000000000e+307 -1.000000000000e+307 -1.000000000000e+307 -1.000000000000e+307 -1.000000000000e+307 -1.000000000000e+307 -1.000000000000e+307 -1.000000000000e+307 -1.000000000000e+307 -1.000000000000e+307 -1.000000000000e+307 -1.000000000000e+307 -1.000000000000e+307 -1.000000000000e+307 -1.000000000000e+307 -1.000000000000e+307 -1.000000000000e+307 -1.000000000000e+307 -1.000000000000e+307 -1.000000000000e+307 -1.000000000000e+307 -1.000000000000e+307 -1.000000000000e+307 -1.000000000000e+307 -1.000000000000e+307 -1.000000000000e+307 -1.000000000000e+307 -1.000000000000e+307 -1.000000000000e+307 -1.000000000000e+307 -1.000000000000e+307 -1.000000000000e+307 -1.000000000000e+307 -1.000000000000e+307 -1.000000000000e+307 -1.000000000000e+307 -1.000000000000e+307 -1.000000000000e+307 -1.000000000000e+307 -1.000000000000e+307 -1.000000000000e+307 -1.000000000000e+307 -1.000000000000e+307 -1.000000000000e+307 -1.000000000000e+307 -1.000000000000e+307 -1.000000000000e+307 -1.000000000000e+307 -1.000000000000e+307 -1.000000000000e+307 -1.000000000000e+307 -1.000000000000e+307 -1.000000000000e+307 -1.000000000000e+307 -1.000000000000e+307 -1.000000000000e+307 -1.000000000000e+307 -1.000000000000e+307 -1.000000000000e+307 -1.000000000000e+307 -1.000000000000e+307 -1.000000000000e+307 -1.000000000000e+307 -1.000000000000e+307 -1.000000000000e+307 -1.000000000000e+307 -1.000000000000e+307 -1.000000000000e+307 -1.000000000000e+307 -1.000000000000e+307 -1.000000000000e+307 -1.000000000000e+307 -1.000000000000e+307 -1.000000000000e+307 -1.000000000000e+307 -1.000000000000e+307 -1.000000000000e+307 -1.000000000000e+307 -1.000000000000e+307 -1.000000000000e+307 -1.000000000000e+307 -1.000000000000e+307 -1.000000000000e+307 -1.000000000000e+307 -1.000000000000e+307 -1.000000000000e+307 -1.000000000000e+307 -1.000000000000e+307 -1.000000000000e+307 -1.000000000000e+307 -1.000000000000e+307 -1.000000000000e+307 -1.000000000000e+307 -1.000000000000e+307 -1.000000000000e+307 -1.000000000000e+307 -1.000000000000e+307 -1.000000000000e+307 -1.000000000000e+307 -1.000000000000e+307 -1.000000000000e+307 -1.000000000000e+307 -1.000000000000e+307 -1.000000000000e+307 -1.000000000000e+307 -1.000000000000e+307 -1.000000000000e+307 -1.000000000000e+307 -1.000000000000e+307 -1.000000000000e+307 -1.000000000000e+307 -1.000000000000e+307 -1.000000000000e+307 -1.000000000000e+307 -1.000000000000e+307 -1.000000000000e+307 -1.000000000000e+307 -1.000000000000e+307 -1.000000000000e+307 -1.000000000000e+307 -1.000000000000e+307 -1.000000000000e+307 0.000000000000e+000 -1.000000000000e+307 -1.000000000000e+307 -1.000000000000e+307 -1.000000000000e+307 -1.000000000000e+307 -1.000000000000e+307 -1.000000000000e+307 -1.000000000000e+307 -1.000000000000e+307 -1.000000000000e+307 -1.000000000000e+307 -1.000000000000e+307 -1.000000000000e+307 -1.000000000000e+307 -1.000000000000e+307 -1.000000000000e+307 -1.000000000000e+307 -1.000000000000e+307 -1.000000000000e+307 -1.000000000000e+307 -1.000000000000e+307 -1.000000000000e+307 -1.000000000000e+307 -1.000000000000e+307 -1.000000000000e+307 -1.000000000000e+307 -1.000000000000e+307 -1.000000000000e+307 -1.000000000000e+307 -1.000000000000e+307 -1.000000000000e+307 -1.000000000000e+307 -1.000000000000e+307 -1.000000000000e+307 -1.000000000000e+307 -1.000000000000e+307 -1.000000000000e+307 -1.000000000000e+307 -1.000000000000e+307 -1.000000000000e+307 -1.000000000000e+307 -1.000000000000e+307 -1.000000000000e+307 -1.000000000000e+307 -1.000000000000e+307 -1.000000000000e+307 -1.000000000000e+307 -1.000000000000e+307 -1.000000000000e+307 -1.000000000000e+307 -1.000000000000e+307 -1.000000000000e+307 -1.000000000000e+307 -1.000000000000e+307 -1.000000000000e+307 -1.000000000000e+307 -1.000000000000e+307 -1.000000000000e+307 -1.000000000000e+307 -1.000000000000e+307 -1.000000000000e+307 -1.000000000000e+307 -1.000000000000e+307 -1.000000000000e+307 -1.000000000000e+307 -1.000000000000e+307 -1.000000000000e+307 -1.000000000000e+307 -1.000000000000e+307 -1.000000000000e+307 -1.000000000000e+307 -1.000000000000e+307 -1.000000000000e+307 -1.000000000000e+307 -1.000000000000e+307 -1.000000000000e+307 -1.000000000000e+307 -1.000000000000e+307 -1.000000000000e+307 -1.000000000000e+307 -1.000000000000e+307 -1.000000000000e+307 -1.000000000000e+307 -1.000000000000e+307 -1.000000000000e+307 -1.000000000000e+307 -1.000000000000e+307 -1.000000000000e+307 -1.000000000000e+307 -1.000000000000e+307 -1.000000000000e+307 -1.000000000000e+307 -1.000000000000e+307 -1.000000000000e+307 -1.000000000000e+307 -1.000000000000e+307 -1.000000000000e+307 -1.000000000000e+307 -1.000000000000e+307 -1.000000000000e+307 -1.000000000000e+307 -1.000000000000e+307 -1.000000000000e+307 -1.000000000000e+307 -1.000000000000e+307 -1.000000000000e+307 -1.000000000000e+307 -1.000000000000e+307 -1.000000000000e+307 -1.000000000000e+307 -1.000000000000e+307 -1.000000000000e+307 -1.000000000000e+307 -1.000000000000e+307 -1.000000000000e+307 -1.000000000000e+307 -1.000000000000e+307 -1.000000000000e+307 -1.000000000000e+307 -1.000000000000e+307 -1.000000000000e+307 -1.000000000000e+307 -1.000000000000e+307 -1.000000000000e+307 -1.000000000000e+307 -1.000000000000e+307 -1.000000000000e+307 -1.000000000000e+307 -1.000000000000e+307 -1.000000000000e+307 -1.000000000000e+307 -1.000000000000e+307 -1.000000000000e+307 -1.000000000000e+307 -1.000000000000e+307 -1.000000000000e+307 -1.000000000000e+307 -1.000000000000e+307 -1.000000000000e+307 -1.000000000000e+307 -1.000000000000e+307 -1.000000000000e+307 -1.000000000000e+307 -1.000000000000e+307 -1.000000000000e+307 -1.000000000000e+307 -1.000000000000e+307 -1.000000000000e+307 -1.000000000000e+307 -1.000000000000e+307 -1.000000000000e+307 -1.000000000000e+307 -1.000000000000e+307 -1.000000000000e+307 -1.000000000000e+307 -1.000000000000e+307 -1.000000000000e+307 -1.000000000000e+307 -1.000000000000e+307 -1.000000000000e+307 -1.000000000000e+307 -1.000000000000e+307 -1.000000000000e+307 -1.000000000000e+307 -1.000000000000e+307 -1.000000000000e+307 -1.000000000000e+307 -1.000000000000e+307 -1.000000000000e+307 -1.000000000000e+307 -1.000000000000e+307 -1.000000000000e+307 -1.000000000000e+307 -1.000000000000e+307 -1.000000000000e+307 -1.000000000000e+307 -1.000000000000e+307 -1.000000000000e+307 -1.000000000000e+307 -1.000000000000e+307 -1.000000000000e+307 -1.000000000000e+307 -1.000000000000e+307 -1.000000000000e+307 -1.000000000000e+307 -1.000000000000e+307 -1.000000000000e+307 -1.000000000000e+307 -1.000000000000e+307 -1.000000000000e+307 -1.000000000000e+307 -1.000000000000e+307 -1.000000000000e+307 -1.000000000000e+307 -1.000000000000e+307 -1.000000000000e+307 -1.000000000000e+307 -1.000000000000e+307 -1.000000000000e+307 -1.000000000000e+307 -1.000000000000e+307 -1.000000000000e+307 -1.000000000000e+307 -1.000000000000e+307 -1.000000000000e+307 -1.000000000000e+307 -1.000000000000e+307 -1.000000000000e+307 -1.000000000000e+307 -1.000000000000e+307 -1.000000000000e+307 -1.000000000000e+307 -1.000000000000e+307 -1.000000000000e+307 -1.000000000000e+307 -1.000000000000e+307 -1.000000000000e+307 -1.000000000000e+307 -1.000000000000e+307 -1.000000000000e+307 -1.000000000000e+307 -1.000000000000e+307 -1.000000000000e+307 -1.000000000000e+307 -1.000000000000e+307 -1.000000000000e+307 -1.000000000000e+307 -1.000000000000e+307 -1.000000000000e+307 -1.000000000000e+307 -1.000000000000e+307 -1.000000000000e+307 -1.000000000000e+307 -1.000000000000e+307 -1.000000000000e+307 -1.000000000000e+307 -1.000000000000e+307 -1.000000000000e+307 -1.000000000000e+307 -1.000000000000e+307 -1.000000000000e+307 -1.000000000000e+307 -1.000000000000e+307 -1.000000000000e+307 -1.000000000000e+307 -1.000000000000e+307 -1.000000000000e+307 -1.000000000000e+307 -1.000000000000e+307 -1.000000000000e+307 -1.000000000000e+307 -1.000000000000e+307 -1.000000000000e+307 -1.000000000000e+307 -1.000000000000e+307 -1.000000000000e+307 -1.000000000000e+307 -1.000000000000e+307 -1.000000000000e+307 -1.000000000000e+307 -1.000000000000e+307 -1.000000000000e+307 -1.000000000000e+307 -1.000000000000e+307 -1.000000000000e+307 -1.000000000000e+307 -1.000000000000e+307 -1.000000000000e+307 -1.000000000000e+307 -1.000000000000e+307 -1.000000000000e+307 -1.000000000000e+307 -1.000000000000e+307 -1.000000000000e+307 -1.000000000000e+307 -1.000000000000e+307 -1.000000000000e+307 -1.000000000000e+307 -1.000000000000e+307 -1.000000000000e+307 -1.000000000000e+307 -1.000000000000e+307 -1.000000000000e+307 -1.000000000000e+307 -1.000000000000e+307 -1.000000000000e+307 -1.000000000000e+307 -1.000000000000e+307 -1.000000000000e+307 -1.000000000000e+307 -1.000000000000e+307 -1.000000000000e+307 -1.000000000000e+307 -1.000000000000e+307 -1.000000000000e+307 -1.000000000000e+307 -1.000000000000e+307 -1.000000000000e+307 -1.000000000000e+307 -1.000000000000e+307 -1.000000000000e+307 -1.000000000000e+307 -1.000000000000e+307 -1.000000000000e+307 -1.000000000000e+307 -1.000000000000e+307 -1.000000000000e+307 -1.000000000000e+307 -1.000000000000e+307 -1.000000000000e+307 -1.000000000000e+307 -1.000000000000e+307 -1.000000000000e+307 -1.000000000000e+307 -1.000000000000e+307 -1.000000000000e+307 -1.000000000000e+307 -1.000000000000e+307 -1.000000000000e+307 -1.000000000000e+307 -1.000000000000e+307 -1.000000000000e+307 -1.000000000000e+307 -1.000000000000e+307 -1.000000000000e+307 -1.000000000000e+307 -1.000000000000e+307 -1.000000000000e+307 -1.000000000000e+307 -1.000000000000e+307 -1.000000000000e+307 -1.000000000000e+307 -1.000000000000e+307 -1.000000000000e+307 -1.000000000000e+307 -1.000000000000e+307 -1.000000000000e+307 -1.000000000000e+307 -1.000000000000e+307 -1.000000000000e+307 -1.000000000000e+307 -1.000000000000e+307 -1.000000000000e+307 -1.000000000000e+307 -1.000000000000e+307 -1.000000000000e+307 -1.000000000000e+307 -1.000000000000e+307 -1.000000000000e+307 -1.000000000000e+307 -1.000000000000e+307 -1.000000000000e+307 -1.000000000000e+307 -1.000000000000e+307 -1.000000000000e+307 -1.000000000000e+307 -1.000000000000e+307 -1.000000000000e+307 -1.000000000000e+307 -1.000000000000e+307 -1.000000000000e+307 -1.000000000000e+307 -1.000000000000e+307 -1.000000000000e+307 -1.000000000000e+307 -1.000000000000e+307 -1.000000000000e+307 -1.000000000000e+307 -1.000000000000e+307 -1.000000000000e+307 -1.000000000000e+307 -1.000000000000e+307 -1.000000000000e+307 -1.000000000000e+307 -1.000000000000e+307 -1.000000000000e+307 -1.000000000000e+307 -1.000000000000e+307 -1.000000000000e+307 -1.000000000000e+307 -1.000000000000e+307 -1.000000000000e+307 -1.000000000000e+307 -1.000000000000e+307 -1.000000000000e+307 -1.000000000000e+307 -1.000000000000e+307 -1.000000000000e+307 -1.000000000000e+307 -1.000000000000e+307 -1.000000000000e+307 -1.000000000000e+307 -1.000000000000e+307 -1.000000000000e+307 -1.000000000000e+307 -1.000000000000e+307 -1.000000000000e+307 -1.000000000000e+307 -1.000000000000e+307 -1.000000000000e+307 -1.000000000000e+307 -1.000000000000e+307 -1.000000000000e+307 -1.000000000000e+307 -1.000000000000e+307 -1.000000000000e+307 -1.000000000000e+307 -1.000000000000e+307 -1.000000000000e+307 -1.000000000000e+307 -1.000000000000e+307 -1.000000000000e+307 -1.000000000000e+307 -1.000000000000e+307 -1.000000000000e+307 -1.000000000000e+307 -1.000000000000e+307 -1.000000000000e+307 -1.000000000000e+307 -1.000000000000e+307 -1.000000000000e+307 -1.000000000000e+307 -1.000000000000e+307 -1.000000000000e+307 -1.000000000000e+307 -1.000000000000e+307 -1.000000000000e+307 -1.000000000000e+307 -1.000000000000e+307 -1.000000000000e+307 -1.000000000000e+307 -1.000000000000e+307 -1.000000000000e+307 
